4,1,1877.3,401.9,42.6,150.0,1,-1,-1,-1
4,2,1300.7,460.2,76.7,136.8,1,-1,-1,-1
4,3,1260.8,543.0,69.5,111.1,1,-1,-1,-1
4,4,1790.7,608.2,48.0,122.2,1,-1,-1,-1
5,1,1875.5,404.0,40.8,147.9,1,-1,-1,-1
5,2,1302.4,458.9,79.0,143.9,1,-1,-1,-1
5,3,1265.0,526.2,62.2,129.9,1,-1,-1,-1
5,4,1787.6,612.6,43.8,121.4,1,-1,-1,-1
6,1,1867.1,404.4,46.5,148.7,1,-1,-1,-1
6,2,1280.7,458.7,102.8,181.8,1,-1,-1,-1
6,4,1778.9,617.9,46.7,119.7,1,-1,-1,-1
7,1,1860.0,432.2,50.4,120.9,1,-1,-1,-1
7,2,1295.4,462.4,86.8,150.4,1,-1,-1,-1
7,3,1273.5,532.2,55.0,119.5,1,-1,-1,-1
7,4,1786.6,621.7,32.2,102.4,1,-1,-1,-1
8,1,1858.0,417.2,50.8,140.6,1,-1,-1,-1
8,2,1306.6,464.1,82.1,136.1,1,-1,-1,-1
8,3,1276.3,543.1,51.5,116.3,1,-1,-1,-1
8,5,0.0,235.0,54.0,148.7,1,-1,-1,-1
9,1,1858.3,434.9,49.5,121.3,1,-1,-1,-1
9,2,1310.3,465.1,81.3,175.2,1,-1,-1,-1
9,3,1278.7,544.9,50.5,114.7,1,-1,-1,-1
9,5,0.0,230.4,61.7,153.1,1,-1,-1,-1
10,1,1845.5,452.6,70.9,111.3,1,-1,-1,-1
10,2,1312.2,459.6,79.7,194.0,1,-1,-1,-1
10,3,1281.4,544.7,49.4,107.2,1,-1,-1,-1
10,5,0.0,231.4,69.6,152.3,1,-1,-1,-1
11,1,1857.7,460.2,59.1,108.3,1,-1,-1,-1
11,2,1313.8,463.1,78.5,194.0,1,-1,-1,-1
11,3,1283.7,544.9,48.4,69.3,1,-1,-1,-1
11,5,0.0,232.7,76.9,158.4,1,-1,-1,-1
12,1,1864.8,462.2,56.2,106.0,1,-1,-1,-1
12,2,1314.2,460.1,77.5,173.7,1,-1,-1,-1
12,5,0.0,232.4,82.6,164.4,1,-1,-1,-1
12,7,130.0,491.3,52.3,64.2,1,-1,-1,-1
13,1,1866.2,461.0,42.8,105.3,1,-1,-1,-1
13,2,1316.3,458.8,77.8,185.1,1,-1,-1,-1
13,5,0.0,231.4,89.9,156.4,1,-1,-1,-1
13,8,0.0,714.9,57.9,184.6,1,-1,-1,-1
14,2,1318.5,465.0,78.0,182.2,1,-1,-1,-1
14,5,0.0,230.9,95.6,154.7,1,-1,-1,-1
15,2,1320.0,468.9,78.7,175.1,1,-1,-1,-1
15,5,0.0,232.3,102.9,152.8,1,-1,-1,-1
15,7,116.5,474.5,63.3,80.2,1,-1,-1,-1
16,2,1321.6,470.3,78.9,172.9,1,-1,-1,-1
16,5,3.5,233.0,105.8,152.9,1,-1,-1,-1
17,2,1323.6,470.4,80.4,164.6,1,-1,-1,-1
17,5,12.2,233.8,104.5,161.4,1,-1,-1,-1
17,11,65.8,639.1,70.9,268.8,1,-1,-1,-1
18,2,1345.2,482.7,61.9,116.6,1,-1,-1,-1
18,5,21.2,234.8,104.9,153.4,1,-1,-1,-1
18,11,74.0,629.7,94.1,278.0,1,-1,-1,-1
19,2,1355.8,488.5,55.7,93.1,1,-1,-1,-1
19,3,1298.3,534.0,47.4,60.7,1,-1,-1,-1
19,5,29.7,237.2,104.3,179.7,1,-1,-1,-1
19,11,77.6,626.2,112.2,279.4,1,-1,-1,-1
20,2,1339.7,477.3,70.6,95.1,1,-1,-1,-1
20,3,1301.1,528.5,47.8,58.8,1,-1,-1,-1
20,5,38.4,237.5,107.6,157.5,1,-1,-1,-1
20,11,71.5,582.7,112.8,320.4,1,-1,-1,-1
21,5,46.7,237.9,108.6,179.6,1,-1,-1,-1
21,11,66.6,564.2,116.4,290.7,1,-1,-1,-1
21,13,1784.5,472.0,57.2,96.8,1,-1,-1,-1
22,5,54.0,238.7,115.9,186.2,1,-1,-1,-1
22,11,76.5,562.8,108.4,219.5,1,-1,-1,-1
22,13,1787.9,472.0,55.7,100.4,1,-1,-1,-1
22,14,1879.4,644.6,40.0,98.9,1,-1,-1,-1
23,5,63.0,239.8,117.4,186.7,1,-1,-1,-1
23,14,1876.5,658.1,42.8,95.5,1,-1,-1,-1
24,5,70.2,239.4,122.0,186.2,1,-1,-1,-1
24,15,208.8,455.8,80.0,101.5,1,-1,-1,-1
25,5,79.7,239.1,122.7,181.2,1,-1,-1,-1
25,15,246.8,461.1,71.6,100.5,1,-1,-1,-1
25,17,1694.5,379.0,149.6,212.9,1,-1,-1,-1
26,5,87.9,237.6,120.1,180.4,1,-1,-1,-1
26,15,278.8,481.6,64.9,86.1,1,-1,-1,-1
27,5,95.0,234.1,117.9,183.6,1,-1,-1,-1
27,15,304.9,477.7,66.4,88.1,1,-1,-1,-1
27,19,1818.0,343.6,100.5,242.8,1,-1,-1,-1
27,20,66.0,750.6,64.3,132.4,1,-1,-1,-1
28,5,96.3,231.3,129.2,183.2,1,-1,-1,-1
28,15,329.9,476.0,55.6,82.4,1,-1,-1,-1
28,17,1640.3,338.4,252.1,297.7,1,-1,-1,-1
28,20,71.1,767.0,73.9,116.0,1,-1,-1,-1
29,5,99.8,230.6,136.1,199.2,1,-1,-1,-1
29,11,124.2,557.7,144.5,219.2,1,-1,-1,-1
29,15,345.6,474.3,61.5,110.8,1,-1,-1,-1
29,17,1621.4,318.6,282.8,344.8,1,-1,-1,-1
29,20,90.1,775.6,66.3,96.4,1,-1,-1,-1
30,5,132.8,227.9,185.7,224.9,1,-1,-1,-1
30,11,93.7,493.8,210.7,346.4,1,-1,-1,-1
30,15,352.9,473.8,65.3,153.6,1,-1,-1,-1
30,17,1621.9,313.2,289.9,396.7,1,-1,-1,-1
31,11,76.8,459.9,264.1,386.7,1,-1,-1,-1
31,15,356.4,466.1,71.4,175.6,1,-1,-1,-1
31,17,1624.7,312.0,292.8,415.1,1,-1,-1,-1
32,11,75.3,456.6,280.8,400.9,1,-1,-1,-1
32,15,356.1,461.2,77.4,183.6,1,-1,-1,-1
32,17,1626.8,311.1,292.9,429.7,1,-1,-1,-1
33,5,134.5,230.8,289.5,357.3,1,-1,-1,-1
33,11,76.8,462.5,298.4,402.4,1,-1,-1,-1
33,17,1625.9,309.5,294.4,442.5,1,-1,-1,-1
33,22,1384.8,527.9,30.5,132.9,1,-1,-1,-1
33,23,1312.7,529.5,42.9,121.5,1,-1,-1,-1
34,5,123.9,235.4,310.9,395.6,1,-1,-1,-1
34,11,78.6,465.2,328.2,402.1,1,-1,-1,-1
34,17,1624.4,307.5,295.5,450.6,1,-1,-1,-1
34,22,1351.7,489.1,63.7,172.2,1,-1,-1,-1
34,23,1309.5,514.9,47.2,133.8,1,-1,-1,-1
35,5,138.8,241.6,310.3,402.2,1,-1,-1,-1
35,11,110.0,470.5,333.0,396.4,1,-1,-1,-1
35,17,1623.9,304.7,295.9,459.3,1,-1,-1,-1
35,22,1335.7,471.8,73.7,184.0,1,-1,-1,-1
35,23,1307.9,513.1,49.2,143.0,1,-1,-1,-1
36,5,157.5,247.1,304.5,399.3,1,-1,-1,-1
36,11,141.3,472.5,327.4,394.0,1,-1,-1,-1
36,17,1623.9,303.7,296.0,464.0,1,-1,-1,-1
36,22,1313.4,470.2,97.7,189.6,1,-1,-1,-1
37,11,150.8,317.1,329.9,550.1,1,-1,-1,-1
37,17,1623.3,303.0,296.7,468.9,1,-1,-1,-1
37,22,1305.7,472.5,106.3,191.3,1,-1,-1,-1
37,26,96.1,510.0,45.3,108.5,1,-1,-1,-1
38,11,154.8,241.4,329.3,601.8,1,-1,-1,-1
38,17,1623.0,302.9,296.9,472.5,1,-1,-1,-1
38,22,1305.9,473.2,110.3,194.6,1,-1,-1,-1
38,26,99.3,530.5,45.8,111.6,1,-1,-1,-1
39,11,164.8,231.6,324.9,620.1,1,-1,-1,-1
39,17,1622.2,302.9,297.7,474.2,1,-1,-1,-1
39,22,1308.1,466.9,112.2,199.8,1,-1,-1,-1
39,26,100.3,538.1,66.2,107.7,1,-1,-1,-1
39,28,147.9,431.7,53.7,91.4,1,-1,-1,-1
40,11,170.2,241.0,331.3,629.1,1,-1,-1,-1
40,17,1621.2,303.7,298.6,449.6,1,-1,-1,-1
40,22,1309.8,464.5,112.1,202.7,1,-1,-1,-1
40,26,116.4,561.8,59.1,77.1,1,-1,-1,-1
40,27,0.0,349.0,52.0,93.3,1,-1,-1,-1
41,11,171.0,247.5,338.8,644.4,1,-1,-1,-1
41,17,1620.2,304.0,299.6,441.5,1,-1,-1,-1
41,22,1310.2,469.3,112.7,196.6,1,-1,-1,-1
41,27,0.0,349.0,60.4,99.4,1,-1,-1,-1
42,11,169.1,249.7,346.6,647.6,1,-1,-1,-1
42,17,1616.4,304.8,303.4,439.0,1,-1,-1,-1
42,22,1310.9,467.8,112.9,201.1,1,-1,-1,-1
42,26,130.7,576.5,52.0,65.8,1,-1,-1,-1
42,27,0.0,349.0,67.1,129.2,1,-1,-1,-1
42,28,141.8,449.9,53.9,69.4,1,-1,-1,-1
42,31,0.0,503.3,39.8,105.6,1,-1,-1,-1
43,11,210.7,248.9,312.6,643.0,1,-1,-1,-1
43,17,1613.4,305.8,305.9,464.9,1,-1,-1,-1
43,22,1311.1,464.2,113.0,202.4,1,-1,-1,-1
43,26,130.5,572.9,49.9,60.3,1,-1,-1,-1
43,27,0.0,349.0,81.0,223.6,1,-1,-1,-1
44,11,222.9,248.2,315.0,638.1,1,-1,-1,-1
44,17,1611.2,307.5,308.1,471.3,1,-1,-1,-1
44,22,1320.9,463.4,103.2,201.4,1,-1,-1,-1
44,26,130.8,571.7,47.9,55.2,1,-1,-1,-1
44,27,0.0,349.0,84.5,255.4,1,-1,-1,-1
44,28,142.7,481.9,54.7,64.9,1,-1,-1,-1
44,29,1842.0,614.5,72.3,174.4,1,-1,-1,-1
45,11,286.9,247.9,256.9,635.2,1,-1,-1,-1
45,17,1608.6,306.1,310.8,475.3,1,-1,-1,-1
45,22,1324.7,463.7,101.0,201.1,1,-1,-1,-1
45,27,0.0,349.7,86.3,263.5,1,-1,-1,-1
45,28,143.9,487.5,54.9,76.9,1,-1,-1,-1
45,29,1844.0,620.8,72.8,174.1,1,-1,-1,-1
45,33,1838.0,598.4,30.6,101.8,1,-1,-1,-1
46,11,286.1,247.9,275.2,631.6,1,-1,-1,-1
46,17,1604.9,303.7,314.4,477.9,1,-1,-1,-1
46,22,1326.3,463.9,99.6,201.0,1,-1,-1,-1
46,27,0.0,350.0,86.8,269.5,1,-1,-1,-1
46,28,144.2,486.8,55.0,81.9,1,-1,-1,-1
46,29,1846.4,623.4,72.9,174.0,1,-1,-1,-1
46,33,1838.1,599.7,26.7,100.5,1,-1,-1,-1
47,11,275.0,252.2,287.7,624.2,1,-1,-1,-1
47,17,1599.4,301.4,319.7,480.1,1,-1,-1,-1
47,22,1326.4,464.0,99.2,200.3,1,-1,-1,-1
47,27,0.0,350.1,88.3,267.0,1,-1,-1,-1
47,28,144.1,485.5,55.0,83.4,1,-1,-1,-1
47,29,1847.2,627.1,73.0,171.2,1,-1,-1,-1
47,33,1833.1,598.1,29.7,100.9,1,-1,-1,-1
48,11,336.8,254.2,236.8,616.4,1,-1,-1,-1
48,17,1591.9,297.9,326.9,483.5,1,-1,-1,-1
48,22,1326.1,463.3,99.8,202.2,1,-1,-1,-1
48,27,0.0,350.7,89.5,266.3,1,-1,-1,-1
48,28,144.0,484.9,56.4,84.5,1,-1,-1,-1
48,29,1827.6,599.0,92.6,199.8,1,-1,-1,-1
48,36,174.1,354.7,70.7,112.2,1,-1,-1,-1
49,11,369.2,254.4,240.4,612.6,1,-1,-1,-1
49,17,1581.5,294.6,336.8,486.7,1,-1,-1,-1
49,22,1326.7,463.0,99.2,202.8,1,-1,-1,-1
49,27,0.0,351.7,89.8,266.1,1,-1,-1,-1
49,28,143.3,484.9,63.8,84.9,1,-1,-1,-1
49,29,1814.7,584.4,102.0,209.0,1,-1,-1,-1
49,36,176.0,357.1,69.5,110.0,1,-1,-1,-1
50,11,356.7,257.0,291.9,609.4,1,-1,-1,-1
50,17,1573.8,290.8,343.9,491.1,1,-1,-1,-1
50,22,1327.0,462.9,99.8,200.8,1,-1,-1,-1
50,27,0.0,353.5,90.0,264.6,1,-1,-1,-1
50,28,143.0,483.6,67.4,86.4,1,-1,-1,-1
50,29,1807.7,579.4,109.0,214.6,1,-1,-1,-1
50,36,189.7,363.0,53.8,104.4,1,-1,-1,-1
51,11,340.2,262.3,334.7,603.5,1,-1,-1,-1
51,17,1569.0,288.2,348.9,504.3,1,-1,-1,-1
51,22,1327.1,463.7,99.2,198.8,1,-1,-1,-1
51,27,0.0,358.4,90.0,258.6,1,-1,-1,-1
51,28,143.6,484.3,67.1,93.1,1,-1,-1,-1
51,36,185.9,371.0,58.8,95.7,1,-1,-1,-1
52,11,361.0,265.1,333.5,601.1,1,-1,-1,-1
52,17,1566.1,286.2,352.5,509.7,1,-1,-1,-1
52,22,1327.7,464.0,99.1,197.6,1,-1,-1,-1
52,27,0.0,365.9,90.0,251.9,1,-1,-1,-1
52,28,150.3,486.3,62.8,86.0,1,-1,-1,-1
53,11,375.0,267.6,342.3,596.8,1,-1,-1,-1
53,17,1562.7,285.0,356.3,512.0,1,-1,-1,-1
53,22,1327.3,464.8,99.7,177.6,1,-1,-1,-1
53,27,0.0,375.7,90.0,204.4,1,-1,-1,-1
53,28,163.1,485.0,56.0,86.0,1,-1,-1,-1
53,37,994.1,511.0,42.6,123.3,1,-1,-1,-1
54,11,381.0,269.7,346.3,592.7,1,-1,-1,-1
54,17,1560.9,283.4,358.2,514.1,1,-1,-1,-1
54,22,1326.3,472.1,100.6,159.7,1,-1,-1,-1
54,27,0.0,381.8,90.0,190.1,1,-1,-1,-1
54,28,154.1,487.6,70.7,89.5,1,-1,-1,-1
54,37,991.3,507.7,45.0,125.9,1,-1,-1,-1
55,11,386.3,270.3,345.4,588.7,1,-1,-1,-1
55,17,1559.3,281.4,360.2,516.1,1,-1,-1,-1
55,22,1346.2,475.4,80.6,154.3,1,-1,-1,-1
55,27,18.2,392.1,71.1,173.9,1,-1,-1,-1
55,28,174.2,514.9,52.7,64.0,1,-1,-1,-1
55,37,988.5,507.3,42.9,128.1,1,-1,-1,-1
55,38,0.0,547.2,43.7,70.5,1,-1,-1,-1
56,11,394.7,270.2,338.8,586.8,1,-1,-1,-1
56,17,1556.7,280.1,362.8,519.5,1,-1,-1,-1
56,22,1355.8,476.4,74.6,152.0,1,-1,-1,-1
56,27,28.2,417.6,64.0,135.5,1,-1,-1,-1
56,28,185.9,519.7,49.4,57.7,1,-1,-1,-1
56,37,985.6,507.0,43.7,130.8,1,-1,-1,-1
56,38,0.0,548.8,43.2,68.1,1,-1,-1,-1
57,11,433.5,268.6,301.1,584.1,1,-1,-1,-1
57,17,1553.0,281.2,366.5,522.7,1,-1,-1,-1
57,22,1371.7,481.9,58.1,120.5,1,-1,-1,-1
57,27,30.6,430.0,61.9,121.8,1,-1,-1,-1
57,37,984.6,506.2,43.9,132.3,1,-1,-1,-1
57,39,1326.0,503.7,37.0,117.3,1,-1,-1,-1
58,11,481.8,264.4,258.3,585.4,1,-1,-1,-1
58,17,1546.0,283.3,373.1,525.0,1,-1,-1,-1
58,22,1378.9,484.3,51.7,113.1,1,-1,-1,-1
58,27,31.3,432.3,59.9,94.0,1,-1,-1,-1
58,28,196.5,514.8,45.6,57.9,1,-1,-1,-1
58,37,980.5,506.6,47.5,131.4,1,-1,-1,-1
58,39,1330.2,504.0,32.1,100.3,1,-1,-1,-1
58,41,1872.3,648.8,47.7,149.1,1,-1,-1,-1
59,11,507.9,261.3,241.3,587.2,1,-1,-1,-1
59,17,1538.5,284.2,380.0,526.4,1,-1,-1,-1
59,22,1385.2,485.2,44.2,96.9,1,-1,-1,-1
59,28,198.2,498.9,52.2,69.9,1,-1,-1,-1
59,37,977.3,507.0,52.0,131.8,1,-1,-1,-1
59,39,1328.7,504.1,34.1,95.9,1,-1,-1,-1
59,41,1874.1,685.3,45.8,111.9,1,-1,-1,-1
59,43,397.7,492.1,84.1,209.8,1,-1,-1,-1
60,11,526.7,258.4,252.3,589.9,1,-1,-1,-1
60,17,1529.8,284.9,388.4,528.2,1,-1,-1,-1
60,37,975.1,507.0,56.2,131.9,1,-1,-1,-1
60,43,399.4,458.5,82.6,243.5,1,-1,-1,-1
61,11,536.6,261.1,268.9,585.1,1,-1,-1,-1
61,17,1522.8,284.4,395.1,531.6,1,-1,-1,-1
61,37,969.7,507.7,58.2,129.9,1,-1,-1,-1
61,43,400.8,444.7,81.5,254.4,1,-1,-1,-1
62,11,547.1,262.9,280.2,583.6,1,-1,-1,-1
62,17,1637.2,284.0,280.9,534.0,1,-1,-1,-1
62,37,971.1,508.0,56.6,130.0,1,-1,-1,-1
62,43,401.2,443.8,83.9,257.6,1,-1,-1,-1
63,11,562.9,267.5,289.8,581.1,1,-1,-1,-1
63,17,1696.5,281.1,242.5,538.2,1,-1,-1,-1
63,37,964.9,513.7,59.7,124.4,1,-1,-1,-1
63,43,389.9,443.0,98.7,260.7,1,-1,-1,-1
64,11,579.7,270.0,291.4,579.6,1,-1,-1,-1
64,37,962.5,516.3,58.5,122.7,1,-1,-1,-1
64,43,390.8,441.5,100.3,263.7,1,-1,-1,-1
64,44,1509.0,298.3,356.7,516.7,1,-1,-1,-1
65,11,594.8,276.1,295.3,572.9,1,-1,-1,-1
65,37,960.3,516.6,59.6,122.9,1,-1,-1,-1
65,43,400.2,439.5,95.9,266.0,1,-1,-1,-1
65,44,1506.8,274.4,396.1,536.5,1,-1,-1,-1
66,11,608.8,282.0,294.4,566.7,1,-1,-1,-1
66,17,1733.3,274.7,224.6,545.1,1,-1,-1,-1
66,37,958.3,516.2,59.9,123.0,1,-1,-1,-1
66,43,407.2,438.1,93.2,267.4,1,-1,-1,-1
66,44,1507.9,319.5,280.5,483.0,1,-1,-1,-1
66,46,1871.1,737.8,48.0,69.3,1,-1,-1,-1
67,11,621.2,287.2,317.9,561.3,1,-1,-1,-1
67,17,1705.0,272.2,220.7,548.5,1,-1,-1,-1
67,37,954.2,512.5,63.5,127.2,1,-1,-1,-1
67,43,412.5,437.8,93.8,267.8,1,-1,-1,-1
67,44,1513.1,344.2,241.0,471.1,1,-1,-1,-1
67,46,1868.3,698.0,50.8,104.8,1,-1,-1,-1
68,11,642.2,291.5,354.4,554.8,1,-1,-1,-1
68,17,1697.2,269.5,219.5,551.7,1,-1,-1,-1
68,43,415.2,437.9,98.8,268.6,1,-1,-1,-1
68,44,1516.7,347.8,194.8,473.1,1,-1,-1,-1
68,45,1664.7,500.3,39.5,100.4,1,-1,-1,-1
68,46,1866.9,715.8,52.3,74.8,1,-1,-1,-1
68,48,225.5,497.4,90.6,103.4,1,-1,-1,-1
69,11,657.6,291.9,356.9,551.4,1,-1,-1,-1
69,17,1694.2,267.3,223.4,554.0,1,-1,-1,-1
69,43,416.2,438.0,103.1,268.2,1,-1,-1,-1
69,44,1516.2,345.2,180.9,475.8,1,-1,-1,-1
69,45,1667.3,501.9,35.7,108.5,1,-1,-1,-1
69,46,1862.5,725.8,57.0,72.9,1,-1,-1,-1
69,48,224.9,488.0,96.5,112.9,1,-1,-1,-1
70,11,678.8,290.7,337.4,547.6,1,-1,-1,-1
70,17,1674.6,265.3,244.1,426.6,1,-1,-1,-1
70,43,417.0,438.0,107.2,268.8,1,-1,-1,-1
70,44,1514.6,344.6,178.9,476.7,1,-1,-1,-1
70,48,235.4,485.0,90.5,115.1,1,-1,-1,-1
71,11,695.3,287.2,313.3,540.2,1,-1,-1,-1
71,17,1684.1,264.7,232.1,382.1,1,-1,-1,-1
71,43,416.4,438.7,109.9,268.9,1,-1,-1,-1
71,44,1513.2,344.8,176.9,479.0,1,-1,-1,-1
72,11,707.8,285.1,304.7,533.8,1,-1,-1,-1
72,17,1681.4,264.1,239.0,508.7,1,-1,-1,-1
72,43,415.3,439.0,111.4,269.0,1,-1,-1,-1
72,44,1511.4,345.0,184.0,480.4,1,-1,-1,-1
72,49,35.1,500.7,43.9,113.3,1,-1,-1,-1
73,11,723.5,281.8,288.8,530.4,1,-1,-1,-1
73,17,1653.4,263.9,266.3,552.3,1,-1,-1,-1
73,43,414.2,439.8,114.6,268.3,1,-1,-1,-1
73,44,1508.7,343.6,182.6,483.6,1,-1,-1,-1
73,48,241.9,481.9,96.5,114.3,1,-1,-1,-1
73,49,36.1,501.8,43.3,136.2,1,-1,-1,-1
74,11,736.4,280.0,276.3,529.4,1,-1,-1,-1
74,17,1639.9,263.2,275.2,569.6,1,-1,-1,-1
74,43,433.5,440.1,96.7,268.1,1,-1,-1,-1
74,44,1506.3,342.3,182.2,485.3,1,-1,-1,-1
74,49,36.2,502.8,43.1,142.4,1,-1,-1,-1
75,11,751.0,281.8,258.6,529.1,1,-1,-1,-1
75,17,1542.3,263.7,373.8,565.7,1,-1,-1,-1
75,43,445.5,439.4,89.9,269.4,1,-1,-1,-1
75,49,31.9,503.1,46.5,143.5,1,-1,-1,-1
75,50,1772.0,571.1,154.2,259.6,1,-1,-1,-1
76,11,763.4,285.0,242.1,525.5,1,-1,-1,-1
76,17,1495.9,264.0,406.1,577.8,1,-1,-1,-1
76,43,448.0,438.3,88.6,271.2,1,-1,-1,-1
76,49,29.1,503.8,49.0,143.2,1,-1,-1,-1
77,11,773.0,287.0,247.6,523.8,1,-1,-1,-1
77,17,1483.3,264.7,422.8,567.4,1,-1,-1,-1
77,43,449.2,437.9,85.4,271.8,1,-1,-1,-1
77,49,26.4,504.1,51.1,143.0,1,-1,-1,-1
77,50,1774.7,578.3,144.3,269.0,1,-1,-1,-1
78,11,789.4,292.9,262.6,519.0,1,-1,-1,-1
78,17,1481.4,265.1,432.1,564.3,1,-1,-1,-1
78,43,449.3,436.5,83.7,273.3,1,-1,-1,-1
78,49,22.9,509.0,54.5,142.3,1,-1,-1,-1
78,50,1774.3,572.2,111.9,280.2,1,-1,-1,-1
79,11,804.6,297.5,269.2,512.7,1,-1,-1,-1
79,17,1475.8,265.1,441.8,563.4,1,-1,-1,-1
79,43,449.8,435.2,81.8,273.1,1,-1,-1,-1
79,49,20.9,511.2,56.3,151.9,1,-1,-1,-1
79,50,1774.0,568.9,101.5,284.3,1,-1,-1,-1
80,11,820.9,302.2,262.1,503.8,1,-1,-1,-1
80,17,1460.3,263.6,458.0,565.2,1,-1,-1,-1
80,43,450.7,433.4,80.5,274.4,1,-1,-1,-1
80,49,17.1,511.5,57.5,156.2,1,-1,-1,-1
80,50,1774.0,570.5,96.2,284.8,1,-1,-1,-1
81,11,825.9,305.0,262.0,499.0,1,-1,-1,-1
81,17,1448.3,261.5,468.5,587.5,1,-1,-1,-1
81,43,450.4,432.8,81.6,274.8,1,-1,-1,-1
81,49,15.0,521.7,57.8,130.9,1,-1,-1,-1
82,11,829.7,306.2,257.1,496.9,1,-1,-1,-1
82,17,1440.4,258.7,476.6,596.9,1,-1,-1,-1
82,43,459.9,486.7,72.8,222.4,1,-1,-1,-1
82,49,4.1,526.5,67.8,138.7,1,-1,-1,-1
83,11,847.4,306.3,240.2,492.1,1,-1,-1,-1
83,17,1432.4,254.9,485.3,589.3,1,-1,-1,-1
83,43,452.5,525.6,82.7,193.4,1,-1,-1,-1
83,49,-0.6,527.0,69.3,141.7,1,-1,-1,-1
83,50,1745.2,578.6,123.4,280.0,1,-1,-1,-1
84,11,871.9,305.4,219.1,484.3,1,-1,-1,-1
84,17,1425.8,249.4,492.1,605.2,1,-1,-1,-1
84,43,451.6,539.1,78.0,180.5,1,-1,-1,-1
84,49,1.7,526.4,67.7,115.3,1,-1,-1,-1
85,11,894.4,298.0,203.6,489.0,1,-1,-1,-1
85,43,460.1,538.7,73.8,178.8,1,-1,-1,-1
85,49,0.9,526.7,70.0,134.7,1,-1,-1,-1
85,52,459.6,431.0,64.8,87.1,1,-1,-1,-1
86,43,466.4,536.8,76.0,183.1,1,-1,-1,-1
86,49,0.1,526.3,71.4,141.9,1,-1,-1,-1
86,52,462.7,430.3,62.1,89.8,1,-1,-1,-1
87,43,468.6,536.6,82.3,176.0,1,-1,-1,-1
87,49,-0.1,526.0,71.1,144.1,1,-1,-1,-1
87,52,464.2,430.0,62.0,90.7,1,-1,-1,-1
88,43,468.6,534.0,93.3,177.4,1,-1,-1,-1
88,49,-0.1,526.7,70.3,144.0,1,-1,-1,-1
88,52,465.7,429.9,60.6,90.9,1,-1,-1,-1
88,58,653.8,556.1,46.0,102.2,1,-1,-1,-1
89,43,468.9,531.5,102.9,179.9,1,-1,-1,-1
89,49,-0.0,524.9,70.1,146.1,1,-1,-1,-1
89,52,459.2,431.4,68.6,90.3,1,-1,-1,-1
90,43,460.6,460.0,115.6,247.2,1,-1,-1,-1
90,49,0.0,524.0,69.3,160.7,1,-1,-1,-1
90,58,634.1,554.2,66.3,106.2,1,-1,-1,-1
90,63,1540.2,166.0,68.6,79.0,1,-1,-1,-1
90,66,176.3,745.7,73.2,87.2,1,-1,-1,-1
91,43,457.4,426.7,116.6,268.1,1,-1,-1,-1
91,49,0.0,525.2,68.4,164.4,1,-1,-1,-1
91,58,626.0,555.1,72.4,109.6,1,-1,-1,-1
91,62,0.0,42.4,89.1,117.7,1,-1,-1,-1
91,63,1539.1,166.7,69.6,79.0,1,-1,-1,-1
91,64,307.6,471.6,101.9,120.0,1,-1,-1,-1
91,66,190.2,745.4,59.8,87.8,1,-1,-1,-1
91,69,40.0,938.3,41.3,89.6,1,-1,-1,-1
92,43,466.3,414.6,103.6,284.8,1,-1,-1,-1
92,49,0.0,526.7,68.1,164.8,1,-1,-1,-1
92,58,644.1,555.2,55.3,108.5,1,-1,-1,-1
92,63,1540.2,165.6,69.2,79.7,1,-1,-1,-1
92,64,311.2,471.1,100.6,120.7,1,-1,-1,-1
92,66,194.5,745.7,57.8,87.9,1,-1,-1,-1
92,69,12.0,929.7,74.7,106.7,1,-1,-1,-1
92,70,95.3,488.6,25.6,93.2,1,-1,-1,-1
93,43,465.5,423.8,104.6,282.8,1,-1,-1,-1
93,49,0.0,527.2,67.3,164.9,1,-1,-1,-1
93,58,654.1,557.2,49.5,106.0,1,-1,-1,-1
93,63,1547.3,165.7,62.8,77.1,1,-1,-1,-1
93,64,314.5,470.9,100.9,122.3,1,-1,-1,-1
93,70,94.9,488.9,25.9,93.1,1,-1,-1,-1
94,43,473.5,429.7,93.0,283.0,1,-1,-1,-1
94,49,-0.0,527.1,66.4,165.0,1,-1,-1,-1
94,63,1546.2,165.9,65.0,77.0,1,-1,-1,-1
94,64,316.8,472.3,100.3,122.1,1,-1,-1,-1
94,69,-6.0,913.7,84.0,111.1,1,-1,-1,-1
94,70,95.6,486.9,25.3,97.2,1,-1,-1,-1
95,43,471.7,430.9,95.1,283.7,1,-1,-1,-1
95,49,-0.0,527.0,65.4,165.0,1,-1,-1,-1
95,58,652.0,556.3,54.0,106.7,1,-1,-1,-1
95,63,1543.1,166.0,67.8,77.7,1,-1,-1,-1
95,64,319.5,472.3,98.7,122.7,1,-1,-1,-1
95,69,-2.3,909.9,82.6,99.8,1,-1,-1,-1
95,70,95.3,488.7,26.5,95.7,1,-1,-1,-1
95,71,1074.7,988.0,55.3,90.4,1,-1,-1,-1
95,73,195.9,616.2,47.4,80.9,1,-1,-1,-1
96,43,464.6,422.1,100.6,293.0,1,-1,-1,-1
96,49,-0.0,527.0,60.2,165.0,1,-1,-1,-1
96,63,1543.9,166.0,65.8,80.0,1,-1,-1,-1
96,64,321.7,471.4,96.1,125.0,1,-1,-1,-1
96,66,199.5,735.0,55.1,99.2,1,-1,-1,-1
96,68,624.0,556.4,120.0,206.6,1,-1,-1,-1
96,69,-0.1,926.7,82.9,102.7,1,-1,-1,-1
96,70,94.3,496.2,27.5,88.2,1,-1,-1,-1
96,71,1076.9,1010.8,48.1,69.1,1,-1,-1,-1
96,73,191.2,602.7,61.1,95.7,1,-1,-1,-1
97,43,467.9,423.3,96.0,288.8,1,-1,-1,-1
97,49,0.0,529.1,58.0,153.1,1,-1,-1,-1
97,58,651.4,561.7,49.1,98.5,1,-1,-1,-1
97,63,1543.4,166.0,66.7,78.6,1,-1,-1,-1
97,64,324.4,471.0,91.8,127.8,1,-1,-1,-1
97,70,94.6,491.8,26.5,94.4,1,-1,-1,-1
97,73,189.5,598.5,65.9,98.7,1,-1,-1,-1
97,74,716.7,399.9,44.6,92.5,1,-1,-1,-1
98,43,469.9,423.3,100.2,291.0,1,-1,-1,-1
98,49,0.0,529.4,55.2,146.0,1,-1,-1,-1
98,58,653.9,560.2,46.2,103.8,1,-1,-1,-1
98,63,1540.9,166.0,68.3,76.8,1,-1,-1,-1
98,64,326.7,468.1,87.7,131.4,1,-1,-1,-1
98,69,0.8,932.7,82.3,107.8,1,-1,-1,-1
98,70,94.2,496.8,27.5,87.8,1,-1,-1,-1
98,73,189.6,597.3,68.1,101.7,1,-1,-1,-1
99,43,468.9,422.4,114.8,291.0,1,-1,-1,-1
99,49,0.0,532.7,54.4,141.1,1,-1,-1,-1
99,58,659.3,562.6,42.6,104.6,1,-1,-1,-1
99,63,1539.9,165.3,69.5,76.9,1,-1,-1,-1
99,64,327.3,465.4,85.8,135.3,1,-1,-1,-1
99,69,0.2,928.2,82.1,97.4,1,-1,-1,-1
99,70,94.0,499.9,27.2,85.8,1,-1,-1,-1
99,74,705.4,344.1,70.1,146.0,1,-1,-1,-1
100,43,466.0,419.2,124.0,294.5,1,-1,-1,-1
100,49,-0.0,513.2,56.9,160.6,1,-1,-1,-1
100,58,660.7,564.0,42.2,100.0,1,-1,-1,-1
100,63,1542.6,166.4,67.0,76.3,1,-1,-1,-1
100,64,327.9,463.3,85.2,154.0,1,-1,-1,-1
100,70,94.0,500.5,29.1,85.3,1,-1,-1,-1
100,75,988.8,1014.2,43.9,67.7,1,-1,-1,-1
101,43,465.5,418.5,114.9,295.6,1,-1,-1,-1
101,49,-0.0,502.7,58.4,167.2,1,-1,-1,-1
101,58,661.9,564.2,40.0,100.0,1,-1,-1,-1
101,63,1544.0,166.3,66.3,78.2,1,-1,-1,-1
101,64,328.8,461.3,85.8,177.1,1,-1,-1,-1
101,69,26.4,915.3,55.4,97.8,1,-1,-1,-1
101,78,1878.7,983.9,41.7,56.5,1,-1,-1,-1
102,43,485.3,418.0,94.0,307.1,1,-1,-1,-1
102,49,-0.0,501.7,58.1,183.2,1,-1,-1,-1
102,58,662.2,571.1,38.6,90.9,1,-1,-1,-1
102,64,329.8,455.1,87.3,194.5,1,-1,-1,-1
102,69,42.6,944.8,43.9,74.9,1,-1,-1,-1
103,70,90.5,500.5,30.4,87.9,1,-1,-1,-1
103,82,820.3,531.0,82.7,172.9,1,-1,-1,-1
104,43,496.1,417.1,93.3,335.0,1,-1,-1,-1
104,58,662.2,576.9,64.1,86.8,1,-1,-1,-1
104,70,88.8,500.0,32.2,88.7,1,-1,-1,-1
104,82,827.8,533.0,86.4,173.0,1,-1,-1,-1
105,58,660.6,577.3,47.2,87.6,1,-1,-1,-1
105,70,53.7,446.0,66.4,142.8,1,-1,-1,-1
105,82,809.0,520.6,95.9,184.2,1,-1,-1,-1
106,43,473.6,417.5,112.7,330.1,1,-1,-1,-1
106,70,35.3,431.1,82.2,148.5,1,-1,-1,-1
106,82,819.1,552.4,88.3,133.0,1,-1,-1,-1
106,86,1832.1,359.2,56.1,114.3,1,-1,-1,-1
106,88,186.5,452.0,245.3,374.1,1,-1,-1,-1
106,89,748.3,586.8,52.6,90.0,1,-1,-1,-1
106,90,0.0,928.8,82.0,93.8,1,-1,-1,-1
107,86,1839.1,361.7,51.8,110.6,1,-1,-1,-1
107,88,184.8,451.4,245.8,374.7,1,-1,-1,-1
107,90,0.0,927.3,71.5,93.2,1,-1,-1,-1
107,91,920.3,529.8,44.1,96.9,1,-1,-1,-1
108,64,338.0,456.4,91.3,234.8,1,-1,-1,-1
108,82,818.8,584.6,90.9,124.6,1,-1,-1,-1
108,89,748.5,583.2,52.9,80.2,1,-1,-1,-1
108,90,0.0,926.9,78.8,95.9,1,-1,-1,-1
108,91,930.7,543.5,34.2,85.1,1,-1,-1,-1
109,82,826.4,586.1,74.2,110.2,1,-1,-1,-1
109,86,1842.9,396.9,45.7,77.3,1,-1,-1,-1
109,89,749.0,583.6,54.4,80.1,1,-1,-1,-1
109,93,45.1,448.7,75.4,142.8,1,-1,-1,-1
110,43,454.3,419.8,112.2,339.8,1,-1,-1,-1
110,64,344.0,470.9,89.7,246.8,1,-1,-1,-1
110,82,828.1,582.2,69.8,94.0,1,-1,-1,-1
110,86,1843.0,408.4,43.1,68.7,1,-1,-1,-1
110,91,935.4,547.4,30.6,81.5,1,-1,-1,-1
110,93,35.9,433.9,96.8,155.5,1,-1,-1,-1
111,43,466.4,419.4,110.0,343.4,1,-1,-1,-1
111,64,338.9,457.0,95.5,290.3,1,-1,-1,-1
111,86,1843.7,382.3,40.9,94.8,1,-1,-1,-1
111,93,35.7,441.3,87.1,144.7,1,-1,-1,-1
112,43,446.6,417.7,192.6,390.0,1,-1,-1,-1
112,64,343.0,449.0,90.3,281.7,1,-1,-1,-1
112,82,820.3,575.1,94.5,117.8,1,-1,-1,-1
112,86,1844.0,393.1,40.3,76.7,1,-1,-1,-1
112,95,192.7,623.8,66.5,100.5,1,-1,-1,-1
113,43,434.4,416.2,207.6,404.0,1,-1,-1,-1
113,64,347.2,445.5,87.3,292.4,1,-1,-1,-1
113,82,813.7,569.3,81.5,110.9,1,-1,-1,-1
113,95,202.1,642.4,45.1,83.4,1,-1,-1,-1
114,64,348.5,443.1,86.4,285.8,1,-1,-1,-1
114,82,808.5,533.8,82.6,136.9,1,-1,-1,-1
114,98,1853.4,869.3,66.6,132.0,1,-1,-1,-1
114,102,92.0,500.0,27.4,88.7,1,-1,-1,-1
115,43,452.9,472.9,133.0,288.5,1,-1,-1,-1
115,64,348.4,441.9,86.8,283.8,1,-1,-1,-1
115,82,789.0,518.0,103.2,146.1,1,-1,-1,-1
116,43,465.7,509.5,111.3,233.6,1,-1,-1,-1
116,64,348.1,441.8,86.2,290.3,1,-1,-1,-1
116,82,793.3,506.0,104.5,167.7,1,-1,-1,-1
117,43,469.6,517.8,100.6,217.1,1,-1,-1,-1
117,64,348.0,441.9,86.1,294.3,1,-1,-1,-1
117,82,798.6,501.8,107.6,174.2,1,-1,-1,-1
117,106,906.0,412.6,71.3,256.5,1,-1,-1,-1
118,43,482.5,530.0,82.0,196.7,1,-1,-1,-1
118,64,348.0,442.0,86.0,195.4,1,-1,-1,-1
118,82,798.4,504.6,114.2,179.0,1,-1,-1,-1
118,106,908.0,413.5,71.8,246.4,1,-1,-1,-1
119,43,487.9,535.0,74.3,189.9,1,-1,-1,-1
119,64,348.7,442.0,85.3,172.7,1,-1,-1,-1
119,82,767.3,504.0,121.8,157.3,1,-1,-1,-1
119,106,909.1,414.0,81.7,262.2,1,-1,-1,-1
119,107,1802.1,609.0,33.7,97.6,1,-1,-1,-1
119,110,0.0,533.7,42.6,88.4,1,-1,-1,-1
120,43,487.5,534.5,71.3,189.3,1,-1,-1,-1
120,64,349.0,442.7,85.1,159.6,1,-1,-1,-1
120,106,888.2,414.1,98.0,269.8,1,-1,-1,-1
120,107,1803.0,609.0,31.8,100.7,1,-1,-1,-1
120,110,0.0,534.1,47.1,83.2,1,-1,-1,-1
120,111,407.5,615.4,30.8,106.2,1,-1,-1,-1
121,43,486.4,534.8,69.7,189.8,1,-1,-1,-1
121,64,347.7,454.2,85.7,229.9,1,-1,-1,-1
121,106,907.6,414.0,87.5,241.2,1,-1,-1,-1
121,107,1806.0,609.0,29.1,93.2,1,-1,-1,-1
121,110,0.0,534.8,50.5,93.6,1,-1,-1,-1
122,43,486.6,535.7,67.8,189.2,1,-1,-1,-1
122,64,346.3,459.5,87.3,251.7,1,-1,-1,-1
122,82,750.4,514.9,96.7,121.4,1,-1,-1,-1
122,106,923.7,413.3,84.4,232.7,1,-1,-1,-1
122,110,0.0,537.9,52.3,99.5,1,-1,-1,-1
123,43,484.8,536.8,67.9,188.4,1,-1,-1,-1
123,64,344.4,458.0,85.7,175.6,1,-1,-1,-1
123,82,765.1,506.5,87.8,135.1,1,-1,-1,-1
123,106,931.0,413.0,90.4,184.6,1,-1,-1,-1
123,108,1768.8,721.1,63.2,108.4,1,-1,-1,-1
123,110,0.0,541.3,59.1,99.1,1,-1,-1,-1
124,43,482.5,538.5,68.7,186.0,1,-1,-1,-1
124,64,343.1,447.3,85.2,159.1,1,-1,-1,-1
124,82,759.9,500.5,92.8,121.7,1,-1,-1,-1
124,106,926.7,412.2,100.6,170.2,1,-1,-1,-1
124,108,1786.6,722.1,49.8,75.2,1,-1,-1,-1
124,110,0.0,541.7,58.3,98.3,1,-1,-1,-1
125,43,482.5,540.6,67.5,186.7,1,-1,-1,-1
125,64,340.7,438.9,87.2,156.9,1,-1,-1,-1
125,82,764.1,499.8,79.0,117.0,1,-1,-1,-1
125,106,924.1,412.6,103.0,163.8,1,-1,-1,-1
125,110,0.0,542.0,60.2,99.5,1,-1,-1,-1
125,114,406.0,618.1,26.6,99.8,1,-1,-1,-1
126,43,482.1,541.9,66.5,186.9,1,-1,-1,-1
126,64,337.7,435.4,91.9,156.3,1,-1,-1,-1
126,82,767.5,513.8,74.1,101.6,1,-1,-1,-1
126,106,936.2,414.4,96.7,159.0,1,-1,-1,-1
126,110,0.0,542.8,60.1,118.8,1,-1,-1,-1
126,114,404.6,618.9,25.5,97.8,1,-1,-1,-1
127,43,479.2,542.2,67.5,187.7,1,-1,-1,-1
127,64,335.3,435.2,96.9,156.1,1,-1,-1,-1
127,82,769.9,521.2,70.5,96.3,1,-1,-1,-1
127,106,945.1,418.6,92.7,152.0,1,-1,-1,-1
127,110,0.0,543.8,50.9,119.6,1,-1,-1,-1
127,113,993.4,589.1,43.2,78.9,1,-1,-1,-1
127,114,380.1,633.1,46.8,100.1,1,-1,-1,-1
127,115,469.5,409.3,59.0,74.9,1,-1,-1,-1
128,43,476.4,541.4,68.6,188.6,1,-1,-1,-1
128,64,332.6,433.6,103.3,156.7,1,-1,-1,-1
128,82,771.1,508.4,57.6,108.0,1,-1,-1,-1
128,106,965.5,436.4,72.6,121.9,1,-1,-1,-1
128,110,0.0,543.4,54.5,109.4,1,-1,-1,-1
128,114,368.1,650.2,51.9,89.5,1,-1,-1,-1
128,116,1045.6,548.8,29.3,118.8,1,-1,-1,-1
129,43,462.4,540.3,80.8,189.6,1,-1,-1,-1
129,64,330.3,432.2,108.0,157.6,1,-1,-1,-1
129,82,771.2,501.8,53.7,110.8,1,-1,-1,-1
129,106,973.6,444.1,66.6,110.1,1,-1,-1,-1
129,110,0.0,545.2,54.8,99.3,1,-1,-1,-1
129,114,365.9,663.5,52.7,78.7,1,-1,-1,-1
130,43,456.2,538.5,85.1,191.3,1,-1,-1,-1
130,64,328.3,431.8,111.5,157.9,1,-1,-1,-1
130,82,769.7,501.4,49.7,107.4,1,-1,-1,-1
130,106,976.8,444.7,62.7,103.7,1,-1,-1,-1
130,110,0.0,546.1,55.0,96.3,1,-1,-1,-1
130,114,368.3,670.4,49.4,71.9,1,-1,-1,-1
130,117,146.9,486.7,62.1,83.3,1,-1,-1,-1
131,43,455.6,537.8,87.1,191.8,1,-1,-1,-1
131,64,327.0,432.6,115.3,159.4,1,-1,-1,-1
131,82,771.0,503.8,45.0,101.5,1,-1,-1,-1
131,106,988.0,444.4,50.3,91.3,1,-1,-1,-1
131,110,0.0,544.8,57.8,104.5,1,-1,-1,-1
131,114,369.9,672.1,47.0,68.5,1,-1,-1,-1
132,43,456.5,536.4,88.4,194.0,1,-1,-1,-1
132,64,326.1,433.7,117.2,159.8,1,-1,-1,-1
132,82,771.2,505.1,47.8,100.5,1,-1,-1,-1
132,106,995.5,444.1,43.8,86.9,1,-1,-1,-1
132,110,0.0,530.0,62.8,115.3,1,-1,-1,-1
132,114,368.9,671.6,47.7,65.3,1,-1,-1,-1
132,117,144.8,487.1,59.9,83.1,1,-1,-1,-1
133,43,455.6,535.2,89.5,194.7,1,-1,-1,-1
133,64,326.6,434.1,117.1,161.3,1,-1,-1,-1
133,82,772.5,522.0,50.7,91.0,1,-1,-1,-1
133,110,0.0,503.7,65.8,155.0,1,-1,-1,-1
133,114,368.1,671.1,47.9,63.7,1,-1,-1,-1
133,117,137.1,487.1,57.2,83.0,1,-1,-1,-1
134,43,455.0,534.8,90.6,194.9,1,-1,-1,-1
134,64,326.9,434.1,116.3,163.9,1,-1,-1,-1
134,82,773.8,529.1,50.9,88.9,1,-1,-1,-1
134,110,0.0,491.6,84.1,170.4,1,-1,-1,-1
134,114,366.5,670.2,46.6,72.3,1,-1,-1,-1
135,43,454.9,534.2,90.9,195.7,1,-1,-1,-1
135,64,327.1,433.3,115.4,168.2,1,-1,-1,-1
135,82,774.2,528.9,53.1,72.9,1,-1,-1,-1
135,110,0.0,437.2,102.9,319.2,1,-1,-1,-1
135,114,365.2,669.9,46.2,74.9,1,-1,-1,-1
135,118,1374.0,827.4,135.0,171.2,1,-1,-1,-1
136,43,454.9,531.1,91.0,199.4,1,-1,-1,-1
136,64,327.0,432.3,115.8,173.7,1,-1,-1,-1
136,82,774.1,530.4,54.4,66.0,1,-1,-1,-1
136,110,0.0,411.6,121.2,452.8,1,-1,-1,-1
136,114,363.4,669.9,47.5,75.7,1,-1,-1,-1
137,43,454.3,529.8,91.7,202.6,1,-1,-1,-1
137,64,327.0,431.2,116.6,176.0,1,-1,-1,-1
137,82,781.0,531.8,48.5,63.2,1,-1,-1,-1
137,110,0.0,410.0,151.9,491.4,1,-1,-1,-1
137,114,362.1,670.0,48.5,75.9,1,-1,-1,-1
138,43,452.6,531.8,94.7,202.9,1,-1,-1,-1
138,64,324.2,426.7,119.0,180.2,1,-1,-1,-1
138,82,785.0,532.2,46.8,63.8,1,-1,-1,-1
138,110,0.0,399.1,180.7,513.5,1,-1,-1,-1
138,114,361.1,670.0,50.3,76.0,1,-1,-1,-1
139,64,322.2,420.5,194.6,275.3,1,-1,-1,-1
139,82,787.1,532.1,45.5,64.6,1,-1,-1,-1
139,110,0.0,316.6,193.5,598.6,1,-1,-1,-1
139,114,359.5,670.0,51.5,74.6,1,-1,-1,-1
139,120,1636.3,786.4,44.5,79.3,1,-1,-1,-1
140,43,450.9,534.7,98.4,200.9,1,-1,-1,-1
140,64,320.3,417.7,144.5,210.7,1,-1,-1,-1
140,82,788.8,532.0,44.5,64.9,1,-1,-1,-1
140,110,0.0,270.5,199.4,633.2,1,-1,-1,-1
140,114,356.7,670.0,53.9,77.7,1,-1,-1,-1
141,64,317.7,416.7,208.5,286.5,1,-1,-1,-1
141,82,789.9,532.0,44.1,66.4,1,-1,-1,-1
141,110,0.0,263.2,201.9,644.3,1,-1,-1,-1
141,114,350.9,670.0,59.6,80.7,1,-1,-1,-1
142,43,450.0,538.3,102.3,201.0,1,-1,-1,-1
142,64,314.6,416.7,150.1,214.8,1,-1,-1,-1
142,82,793.0,532.7,42.6,66.8,1,-1,-1,-1
142,110,0.0,267.9,202.7,647.6,1,-1,-1,-1
142,114,345.0,670.0,38.2,71.8,1,-1,-1,-1
142,122,1670.2,334.4,58.5,70.7,1,-1,-1,-1
143,43,449.9,541.4,106.3,201.0,1,-1,-1,-1
143,64,311.6,417.6,134.6,192.5,1,-1,-1,-1
143,110,0.0,272.2,212.7,647.9,1,-1,-1,-1
144,43,450.0,540.9,108.2,205.2,1,-1,-1,-1
144,64,309.9,418.0,130.7,185.2,1,-1,-1,-1
144,110,0.0,273.5,222.0,654.3,1,-1,-1,-1
145,43,449.3,539.5,111.6,207.9,1,-1,-1,-1
145,64,308.3,418.8,130.9,181.5,1,-1,-1,-1
145,110,0.0,273.4,229.7,651.3,1,-1,-1,-1
146,43,448.3,534.7,116.1,212.9,1,-1,-1,-1
146,64,306.4,418.4,131.7,181.9,1,-1,-1,-1
146,110,0.0,273.8,239.0,649.0,1,-1,-1,-1
146,114,337.4,670.0,29.7,80.3,1,-1,-1,-1
146,120,1612.2,801.8,58.8,74.2,1,-1,-1,-1
147,43,447.9,526.4,118.8,221.4,1,-1,-1,-1
147,64,305.1,417.3,131.2,183.4,1,-1,-1,-1
147,110,0.0,275.4,248.8,646.2,1,-1,-1,-1
147,114,339.6,670.0,28.5,82.9,1,-1,-1,-1
147,120,1600.6,804.5,63.9,74.8,1,-1,-1,-1
148,43,447.9,520.5,122.4,226.0,1,-1,-1,-1
148,64,302.7,414.8,131.8,185.2,1,-1,-1,-1
148,110,0.0,278.9,299.3,642.6,1,-1,-1,-1
148,114,337.5,670.0,29.5,83.7,1,-1,-1,-1
148,120,1602.3,813.0,61.9,72.8,1,-1,-1,-1
149,43,448.0,510.0,124.2,237.2,1,-1,-1,-1
149,64,302.5,413.1,131.2,185.1,1,-1,-1,-1
149,110,0.0,281.7,350.2,639.4,1,-1,-1,-1
149,114,337.5,670.0,28.5,83.9,1,-1,-1,-1
149,120,1602.3,808.9,61.3,81.3,1,-1,-1,-1
150,43,448.0,510.3,126.2,236.4,1,-1,-1,-1
150,64,301.4,412.0,132.5,185.7,1,-1,-1,-1
150,110,0.0,285.2,392.8,635.6,1,-1,-1,-1
150,114,335.7,670.0,30.2,84.0,1,-1,-1,-1
150,120,1604.9,810.4,57.6,79.0,1,-1,-1,-1
150,124,1579.6,523.3,46.3,82.9,1,-1,-1,-1
151,43,448.7,515.7,126.8,232.6,1,-1,-1,-1
151,110,0.0,288.5,429.3,631.0,1,-1,-1,-1
151,124,1581.2,525.2,40.5,80.9,1,-1,-1,-1
152,43,449.7,514.7,126.9,235.0,1,-1,-1,-1
152,110,16.1,292.2,431.9,625.4,1,-1,-1,-1
152,124,1584.8,521.9,42.9,84.5,1,-1,-1,-1
153,43,453.6,516.2,124.2,232.9,1,-1,-1,-1
153,110,65.7,294.1,394.9,622.3,1,-1,-1,-1
153,124,1582.1,520.0,45.8,85.5,1,-1,-1,-1
154,43,455.9,517.7,122.7,231.6,1,-1,-1,-1
154,110,94.8,294.4,377.5,620.7,1,-1,-1,-1
154,124,1580.2,523.2,46.6,82.4,1,-1,-1,-1
155,43,459.2,518.2,125.0,233.3,1,-1,-1,-1
155,110,100.2,294.2,372.2,619.5,1,-1,-1,-1
155,124,1576.2,525.7,52.5,81.4,1,-1,-1,-1
156,43,463.8,517.4,124.3,235.9,1,-1,-1,-1
156,110,129.8,292.6,338.5,610.1,1,-1,-1,-1
157,43,468.3,517.0,127.6,236.7,1,-1,-1,-1
157,110,130.2,291.2,340.9,605.1,1,-1,-1,-1
158,43,467.5,429.4,124.4,327.2,1,-1,-1,-1
158,110,138.0,290.1,329.1,604.3,1,-1,-1,-1
159,110,141.4,289.1,413.0,604.8,1,-1,-1,-1
160,110,142.5,290.3,438.2,603.5,1,-1,-1,-1
160,127,46.5,415.7,79.6,162.9,1,-1,-1,-1
161,110,149.3,291.7,438.8,602.5,1,-1,-1,-1
161,127,63.6,398.6,112.1,181.2,1,-1,-1,-1
162,110,164.3,293.5,429.1,600.7,1,-1,-1,-1
162,127,76.0,398.5,107.1,187.4,1,-1,-1,-1
163,110,199.6,299.8,410.1,594.6,1,-1,-1,-1
163,127,103.4,403.0,88.1,162.6,1,-1,-1,-1
164,110,235.4,305.2,398.8,590.0,1,-1,-1,-1
164,124,1543.3,518.7,64.0,140.6,1,-1,-1,-1
164,127,130.3,409.3,69.8,151.7,1,-1,-1,-1
164,129,1518.3,352.9,106.3,175.8,1,-1,-1,-1
165,110,274.3,308.1,379.4,585.8,1,-1,-1,-1
165,124,1542.0,510.8,62.6,156.3,1,-1,-1,-1
165,127,142.5,417.2,66.5,142.1,1,-1,-1,-1
165,129,1538.1,369.9,90.7,136.7,1,-1,-1,-1
166,110,320.9,310.0,353.9,581.0,1,-1,-1,-1
166,127,111.5,416.3,108.8,152.5,1,-1,-1,-1
166,129,1545.1,381.2,86.7,246.1,1,-1,-1,-1
167,110,337.5,312.4,351.9,576.8,1,-1,-1,-1
167,124,1543.5,512.2,57.3,157.5,1,-1,-1,-1
167,127,94.7,414.6,127.2,231.3,1,-1,-1,-1
167,129,1545.6,385.2,85.5,162.0,1,-1,-1,-1
168,124,1549.2,518.0,55.0,156.4,1,-1,-1,-1
168,129,1553.7,386.5,78.9,127.0,1,-1,-1,-1
168,131,1502.2,434.7,47.8,66.4,1,-1,-1,-1
169,124,1556.3,519.7,64.1,155.4,1,-1,-1,-1
169,129,1558.8,386.4,75.5,120.0,1,-1,-1,-1
169,131,1506.3,435.0,43.7,68.9,1,-1,-1,-1
169,132,122.0,597.0,70.8,135.5,1,-1,-1,-1
170,124,1558.1,521.6,67.5,153.0,1,-1,-1,-1
170,129,1560.6,386.8,75.1,113.7,1,-1,-1,-1
170,132,122.0,598.5,71.6,119.8,1,-1,-1,-1
171,124,1559.0,522.2,67.2,147.4,1,-1,-1,-1
171,129,1559.8,386.3,76.4,113.2,1,-1,-1,-1
171,132,122.0,592.1,72.6,123.4,1,-1,-1,-1
172,124,1562.7,520.1,63.5,146.4,1,-1,-1,-1
172,129,1560.5,384.6,74.0,113.8,1,-1,-1,-1
172,132,122.0,588.9,73.6,121.0,1,-1,-1,-1
173,124,1564.9,512.0,66.7,151.7,1,-1,-1,-1
173,129,1565.2,383.9,69.8,114.6,1,-1,-1,-1
173,130,95.9,480.7,73.9,101.0,1,-1,-1,-1
173,132,122.0,594.0,74.6,114.7,1,-1,-1,-1
174,124,1543.0,420.3,92.8,243.6,1,-1,-1,-1
174,130,95.0,481.0,82.4,104.5,1,-1,-1,-1
174,132,122.0,596.9,75.6,124.7,1,-1,-1,-1
175,124,1539.2,378.4,104.8,267.7,1,-1,-1,-1
175,130,94.8,481.1,85.6,104.9,1,-1,-1,-1
175,132,122.0,591.9,75.9,134.0,1,-1,-1,-1
176,124,1557.2,375.4,93.8,273.5,1,-1,-1,-1
176,130,94.9,481.0,85.9,105.0,1,-1,-1,-1
176,132,122.7,589.0,76.0,136.8,1,-1,-1,-1
177,124,1570.6,382.8,92.5,271.8,1,-1,-1,-1
177,132,122.3,588.5,76.7,138.3,1,-1,-1,-1
177,134,1568.5,533.1,37.6,132.4,1,-1,-1,-1
178,124,1575.4,388.4,96.4,274.7,1,-1,-1,-1
178,132,122.0,588.7,76.9,139.5,1,-1,-1,-1
179,124,1576.0,391.9,102.4,262.3,1,-1,-1,-1
179,132,122.7,589.0,76.3,140.6,1,-1,-1,-1
179,134,1575.2,522.4,35.8,142.6,1,-1,-1,-1
180,124,1576.8,393.3,100.7,268.4,1,-1,-1,-1
180,132,123.0,589.0,76.1,140.9,1,-1,-1,-1
181,124,1572.2,395.4,107.2,266.7,1,-1,-1,-1
181,132,123.1,589.0,76.0,141.0,1,-1,-1,-1
181,135,1392.0,427.9,99.5,250.8,1,-1,-1,-1
182,124,1572.7,396.2,105.0,266.2,1,-1,-1,-1
182,130,95.1,481.0,65.7,104.3,1,-1,-1,-1
182,132,123.7,595.3,75.3,134.0,1,-1,-1,-1
182,135,1392.8,426.1,99.1,252.3,1,-1,-1,-1
183,124,1577.2,396.2,104.3,265.4,1,-1,-1,-1
183,135,1400.1,425.7,93.4,250.7,1,-1,-1,-1
184,124,1579.9,395.4,109.7,263.0,1,-1,-1,-1
184,135,1402.7,425.8,95.2,254.4,1,-1,-1,-1
185,124,1577.0,393.6,119.0,261.6,1,-1,-1,-1
185,135,1402.7,426.0,105.6,256.2,1,-1,-1,-1
186,124,1580.7,390.8,107.1,263.3,1,-1,-1,-1
186,135,1402.9,426.7,121.3,251.9,1,-1,-1,-1
187,124,1581.5,389.7,109.1,190.3,1,-1,-1,-1
187,135,1403.0,427.0,111.3,251.3,1,-1,-1,-1
188,124,1584.8,356.8,108.3,265.0,1,-1,-1,-1
188,135,1403.7,427.1,110.4,251.1,1,-1,-1,-1
189,124,1579.9,340.8,121.4,215.3,1,-1,-1,-1
189,135,1404.7,427.0,115.0,251.7,1,-1,-1,-1
190,124,1586.1,338.7,114.8,201.8,1,-1,-1,-1
190,135,1377.8,427.7,147.9,258.2,1,-1,-1,-1
190,142,1621.9,509.1,63.7,123.3,1,-1,-1,-1
191,135,1367.0,426.6,156.4,261.6,1,-1,-1,-1
191,142,1632.4,513.0,57.6,135.0,1,-1,-1,-1
191,143,1721.3,456.7,131.0,147.3,1,-1,-1,-1
191,144,1871.0,487.7,49.0,91.6,1,-1,-1,-1
192,135,1368.5,426.7,163.8,261.9,1,-1,-1,-1
192,142,1645.8,516.5,54.4,136.4,1,-1,-1,-1
192,143,1726.6,455.6,125.4,148.5,1,-1,-1,-1
193,135,1372.6,426.9,167.4,262.7,1,-1,-1,-1
193,142,1651.1,520.3,47.1,134.7,1,-1,-1,-1
194,135,1377.1,426.3,167.1,263.6,1,-1,-1,-1
194,142,1654.8,520.7,44.2,134.9,1,-1,-1,-1
195,135,1379.2,425.3,169.1,264.6,1,-1,-1,-1
195,142,1659.1,521.7,42.7,132.9,1,-1,-1,-1
196,135,1381.6,424.2,174.6,265.6,1,-1,-1,-1
196,142,1661.9,522.1,44.3,128.8,1,-1,-1,-1
197,135,1383.7,423.2,175.6,266.6,1,-1,-1,-1
197,142,1662.5,521.4,48.3,126.8,1,-1,-1,-1
198,135,1385.7,422.9,178.0,266.9,1,-1,-1,-1
198,142,1661.6,519.6,52.3,126.9,1,-1,-1,-1
198,147,1326.2,501.0,41.7,56.4,1,-1,-1,-1
199,135,1389.1,422.9,182.9,267.7,1,-1,-1,-1
200,135,1392.4,422.3,183.0,269.3,1,-1,-1,-1
200,142,1661.6,475.2,106.7,169.0,1,-1,-1,-1
200,143,1780.3,478.9,78.2,94.2,1,-1,-1,-1
201,135,1399.0,422.0,180.2,269.8,1,-1,-1,-1
201,142,1662.0,455.7,123.7,181.6,1,-1,-1,-1
201,143,1793.4,490.7,65.5,79.4,1,-1,-1,-1
202,135,1403.0,421.9,179.4,269.9,1,-1,-1,-1
203,135,1405.1,422.0,185.4,270.0,1,-1,-1,-1
204,135,1406.8,422.7,203.3,269.3,1,-1,-1,-1
205,135,1408.7,424.4,217.8,266.3,1,-1,-1,-1
205,142,1665.1,443.1,148.4,183.3,1,-1,-1,-1
206,135,1412.0,430.0,229.1,261.9,1,-1,-1,-1
207,135,1414.7,431.0,207.3,264.1,1,-1,-1,-1
208,135,1417.5,431.9,200.1,264.0,1,-1,-1,-1
208,142,1667.7,433.5,173.3,217.4,1,-1,-1,-1
208,148,0.0,303.0,170.6,741.5,1,-1,-1,-1
208,151,863.7,334.3,314.0,454.0,1,-1,-1,-1
209,135,1420.4,432.1,147.5,264.7,1,-1,-1,-1
209,151,883.2,332.6,304.2,453.3,1,-1,-1,-1
210,135,1422.8,432.1,131.1,265.6,1,-1,-1,-1
210,151,904.7,331.2,306.9,453.8,1,-1,-1,-1
211,135,1426.1,432.0,126.1,265.2,1,-1,-1,-1
211,142,1670.6,407.7,175.9,217.8,1,-1,-1,-1
211,151,1017.9,331.5,223.0,453.2,1,-1,-1,-1
211,154,1566.0,429.6,84.7,196.8,1,-1,-1,-1
212,135,1428.7,432.0,123.9,265.1,1,-1,-1,-1
212,142,1680.5,420.6,168.3,217.2,1,-1,-1,-1
212,151,1074.6,332.6,203.4,452.4,1,-1,-1,-1
212,154,1574.4,428.2,73.0,159.1,1,-1,-1,-1
213,135,1430.1,432.0,124.0,265.0,1,-1,-1,-1
213,142,1684.7,423.8,168.8,217.8,1,-1,-1,-1
213,151,997.7,333.1,288.5,452.1,1,-1,-1,-1
213,154,1575.6,425.7,73.0,152.0,1,-1,-1,-1
214,135,1432.4,432.0,125.4,265.0,1,-1,-1,-1
214,142,1685.7,423.9,168.2,217.2,1,-1,-1,-1
214,151,964.7,335.9,309.9,449.2,1,-1,-1,-1
214,154,1579.6,423.4,75.8,207.3,1,-1,-1,-1
215,135,1433.9,432.0,125.8,265.0,1,-1,-1,-1
215,142,1685.4,423.3,167.4,203.1,1,-1,-1,-1
215,151,965.9,337.9,318.4,447.0,1,-1,-1,-1
215,154,1588.3,422.7,70.3,161.6,1,-1,-1,-1
216,135,1438.4,432.7,123.8,266.4,1,-1,-1,-1
216,142,1686.5,418.8,164.3,216.3,1,-1,-1,-1
216,151,980.7,341.1,316.7,443.5,1,-1,-1,-1
216,154,1597.3,422.1,67.3,148.6,1,-1,-1,-1
217,135,1439.6,433.0,126.8,267.5,1,-1,-1,-1
217,142,1713.6,465.1,135.4,172.0,1,-1,-1,-1
217,151,990.4,343.7,314.8,440.3,1,-1,-1,-1
217,154,1603.6,422.6,73.4,203.5,1,-1,-1,-1
218,135,1440.8,433.1,126.9,271.4,1,-1,-1,-1
218,142,1726.2,487.6,126.7,158.7,1,-1,-1,-1
218,151,994.0,344.4,318.4,439.4,1,-1,-1,-1
218,154,1612.7,423.0,80.1,224.1,1,-1,-1,-1
219,135,1448.9,432.3,122.1,295.6,1,-1,-1,-1
219,151,996.7,344.2,321.6,436.3,1,-1,-1,-1
219,154,1616.6,423.8,97.5,230.3,1,-1,-1,-1
219,159,0.0,861.5,126.5,220.8,1,-1,-1,-1
220,135,1453.8,431.3,121.3,303.6,1,-1,-1,-1
220,142,1683.1,445.0,173.8,215.6,1,-1,-1,-1
220,151,1004.4,344.1,317.7,431.9,1,-1,-1,-1
220,154,1619.7,424.8,76.2,158.7,1,-1,-1,-1
220,159,0.0,834.4,90.4,157.9,1,-1,-1,-1
221,135,1456.2,430.2,123.2,281.5,1,-1,-1,-1
221,142,1687.7,421.5,155.0,225.0,1,-1,-1,-1
221,151,1107.7,344.0,217.1,429.2,1,-1,-1,-1
221,154,1623.3,425.8,84.4,177.8,1,-1,-1,-1
221,155,1006.3,414.0,121.3,348.2,1,-1,-1,-1
221,161,478.4,262.0,431.8,614.9,1,-1,-1,-1
222,135,1457.9,428.5,125.2,276.2,1,-1,-1,-1
222,142,1697.5,418.2,150.1,229.2,1,-1,-1,-1
222,151,1078.7,344.0,262.5,423.5,1,-1,-1,-1
222,154,1621.6,426.8,88.3,145.7,1,-1,-1,-1
223,135,1459.0,427.8,126.4,273.3,1,-1,-1,-1
223,142,1706.6,409.0,141.6,241.0,1,-1,-1,-1
223,151,1051.4,344.0,270.6,422.4,1,-1,-1,-1
223,154,1632.1,427.1,83.2,133.3,1,-1,-1,-1
224,135,1461.3,426.4,126.8,275.2,1,-1,-1,-1
224,142,1666.5,410.9,179.7,238.9,1,-1,-1,-1
224,151,1049.1,344.0,262.5,421.4,1,-1,-1,-1
225,135,1464.3,425.2,126.3,276.5,1,-1,-1,-1
225,142,1648.8,410.5,176.4,241.1,1,-1,-1,-1
225,151,1056.2,345.4,269.8,420.4,1,-1,-1,-1
226,135,1468.8,424.1,124.7,296.4,1,-1,-1,-1
226,142,1649.2,406.6,173.3,217.2,1,-1,-1,-1
226,151,1066.4,347.5,280.5,420.8,1,-1,-1,-1
227,135,1472.5,423.9,123.5,297.5,1,-1,-1,-1
227,142,1652.5,404.8,171.7,208.7,1,-1,-1,-1
227,151,1074.2,349.6,283.6,416.0,1,-1,-1,-1
228,135,1474.9,423.9,122.5,302.8,1,-1,-1,-1
228,142,1666.0,406.7,169.1,232.7,1,-1,-1,-1
228,151,1081.0,351.0,281.1,413.2,1,-1,-1,-1
229,135,1480.3,424.0,123.5,304.3,1,-1,-1,-1
229,142,1680.2,408.6,166.2,239.2,1,-1,-1,-1
229,151,1088.5,354.7,274.7,408.2,1,-1,-1,-1
230,135,1485.2,424.7,127.4,304.1,1,-1,-1,-1
230,142,1688.9,409.9,160.5,211.8,1,-1,-1,-1
230,151,1091.6,355.6,273.5,407.3,1,-1,-1,-1
230,161,602.9,275.5,405.3,595.4,1,-1,-1,-1
231,135,1490.1,425.0,127.8,312.4,1,-1,-1,-1
231,142,1694.0,410.9,155.9,202.1,1,-1,-1,-1
231,151,1096.6,354.6,255.0,406.4,1,-1,-1,-1
231,161,765.2,280.5,281.2,583.2,1,-1,-1,-1
232,135,1495.1,425.8,123.7,291.8,1,-1,-1,-1
232,151,1106.9,354.7,253.6,403.3,1,-1,-1,-1
232,161,841.0,279.0,225.1,575.4,1,-1,-1,-1
233,135,1499.4,426.1,126.7,284.2,1,-1,-1,-1
233,142,1696.6,411.3,165.8,197.1,1,-1,-1,-1
233,151,1119.9,354.2,244.1,398.9,1,-1,-1,-1
233,161,863.2,276.7,193.5,571.6,1,-1,-1,-1
234,135,1504.8,425.4,123.4,283.4,1,-1,-1,-1
234,142,1705.9,410.4,162.4,197.0,1,-1,-1,-1
234,151,1133.5,353.3,242.6,396.9,1,-1,-1,-1
235,135,1507.3,424.3,121.7,283.8,1,-1,-1,-1
235,142,1713.9,409.2,158.6,221.5,1,-1,-1,-1
235,151,1141.8,352.9,247.8,396.3,1,-1,-1,-1
235,163,54.9,492.0,67.4,104.1,1,-1,-1,-1
236,135,1508.2,423.2,120.5,284.6,1,-1,-1,-1
236,142,1720.3,407.5,154.0,231.0,1,-1,-1,-1
236,151,1148.3,353.6,259.1,394.7,1,-1,-1,-1
237,135,1508.2,422.9,121.6,285.6,1,-1,-1,-1
237,142,1721.2,406.1,154.0,234.5,1,-1,-1,-1
237,151,1152.8,354.7,268.1,394.9,1,-1,-1,-1
238,135,1508.8,422.9,123.3,295.7,1,-1,-1,-1
238,142,1719.9,405.8,154.7,211.0,1,-1,-1,-1
238,151,1156.5,355.8,273.6,395.0,1,-1,-1,-1
239,135,1513.2,424.4,122.4,303.6,1,-1,-1,-1
239,142,1719.0,406.6,154.9,205.4,1,-1,-1,-1
239,151,1165.2,357.5,273.2,391.5,1,-1,-1,-1
239,169,128.1,446.1,71.5,117.0,1,-1,-1,-1
239,170,75.6,522.2,33.6,91.1,1,-1,-1,-1
240,135,1518.7,424.4,119.3,306.0,1,-1,-1,-1
240,151,1165.9,358.9,279.4,389.7,1,-1,-1,-1
240,169,138.2,446.1,69.8,117.0,1,-1,-1,-1
240,171,434.1,732.1,124.2,163.6,1,-1,-1,-1
241,135,1529.0,422.0,110.7,317.9,1,-1,-1,-1
241,142,1739.0,409.9,134.7,168.0,1,-1,-1,-1
241,151,1164.7,361.3,284.0,385.7,1,-1,-1,-1
241,169,143.9,470.6,57.3,87.6,1,-1,-1,-1
242,135,1536.4,420.9,104.6,321.5,1,-1,-1,-1
242,151,1178.7,364.3,273.5,381.0,1,-1,-1,-1
242,169,145.7,470.2,58.5,92.1,1,-1,-1,-1
243,135,1538.1,420.8,102.8,297.3,1,-1,-1,-1
243,151,1186.2,365.3,271.8,379.6,1,-1,-1,-1
244,135,1538.4,420.2,101.5,291.5,1,-1,-1,-1
244,151,1188.8,366.0,272.6,377.1,1,-1,-1,-1
244,169,156.4,478.5,51.8,89.9,1,-1,-1,-1
244,173,123.4,538.6,46.7,116.0,1,-1,-1,-1
245,135,1538.2,420.0,102.6,289.1,1,-1,-1,-1
245,151,1190.1,366.1,275.0,365.8,1,-1,-1,-1
245,169,165.5,471.9,53.4,99.8,1,-1,-1,-1
245,173,124.1,524.5,51.8,127.9,1,-1,-1,-1
246,135,1538.0,420.6,121.1,287.6,1,-1,-1,-1
246,151,1191.0,364.7,275.0,365.2,1,-1,-1,-1
246,173,137.4,530.0,44.2,114.0,1,-1,-1,-1
247,135,1538.7,419.6,124.5,290.0,1,-1,-1,-1
247,173,145.7,534.4,43.4,108.4,1,-1,-1,-1
248,135,1539.0,419.7,129.1,292.1,1,-1,-1,-1
248,142,1788.7,414.2,111.1,151.9,1,-1,-1,-1
248,173,157.2,563.6,39.6,80.8,1,-1,-1,-1
249,135,1539.1,419.9,129.0,294.1,1,-1,-1,-1
249,142,1783.4,410.3,96.3,146.4,1,-1,-1,-1
250,135,1538.3,420.0,129.7,295.4,1,-1,-1,-1
250,142,1782.8,409.4,94.0,144.0,1,-1,-1,-1
250,176,1719.0,456.3,76.1,114.4,1,-1,-1,-1
251,135,1538.0,420.7,132.0,295.1,1,-1,-1,-1
251,175,1839.8,577.2,52.0,64.3,1,-1,-1,-1
252,135,1538.6,420.3,135.5,295.7,1,-1,-1,-1
252,178,1420.5,592.6,52.3,127.7,1,-1,-1,-1
253,135,1538.3,420.0,141.5,294.5,1,-1,-1,-1
253,175,1853.3,564.0,42.9,76.0,1,-1,-1,-1
253,178,1425.6,601.8,54.2,113.9,1,-1,-1,-1
254,135,1538.7,420.0,156.5,294.9,1,-1,-1,-1
254,142,1785.2,411.9,96.8,139.8,1,-1,-1,-1
254,175,1855.1,562.4,40.2,74.6,1,-1,-1,-1
254,176,1719.0,455.6,87.9,114.1,1,-1,-1,-1
254,178,1435.2,604.9,49.2,112.6,1,-1,-1,-1
254,180,0.0,551.8,28.1,109.8,1,-1,-1,-1
255,135,1539.0,420.0,116.3,286.6,1,-1,-1,-1
255,142,1789.9,414.8,100.4,198.0,1,-1,-1,-1
255,176,1719.0,457.4,92.2,112.6,1,-1,-1,-1
255,178,1442.3,604.8,44.1,112.2,1,-1,-1,-1
255,180,0.0,545.3,29.4,116.2,1,-1,-1,-1
256,135,1539.0,419.3,104.2,284.1,1,-1,-1,-1
256,142,1741.8,416.9,154.7,214.1,1,-1,-1,-1
256,180,0.0,542.5,31.2,119.6,1,-1,-1,-1
257,135,1539.0,419.0,100.6,283.3,1,-1,-1,-1
257,142,1717.6,417.3,169.6,218.9,1,-1,-1,-1
257,180,0.0,541.6,33.2,122.0,1,-1,-1,-1
257,181,1633.2,532.2,97.4,184.2,1,-1,-1,-1
258,135,1539.0,418.2,99.5,283.8,1,-1,-1,-1
258,142,1772.3,417.2,119.5,220.4,1,-1,-1,-1
258,176,1736.5,458.0,83.0,111.5,1,-1,-1,-1
258,180,0.0,543.1,36.6,120.6,1,-1,-1,-1
258,181,1635.1,532.4,98.5,184.8,1,-1,-1,-1
259,135,1539.7,418.6,97.7,283.9,1,-1,-1,-1
259,142,1804.4,416.3,103.7,221.5,1,-1,-1,-1
259,176,1745.4,457.1,77.4,111.1,1,-1,-1,-1
259,178,1449.3,601.5,40.5,114.9,1,-1,-1,-1
259,180,0.0,544.0,41.1,120.9,1,-1,-1,-1
259,181,1643.8,532.2,90.5,185.6,1,-1,-1,-1
260,135,1540.0,419.0,97.9,284.0,1,-1,-1,-1
260,142,1769.3,415.3,152.2,222.6,1,-1,-1,-1
260,180,0.0,542.8,45.9,122.4,1,-1,-1,-1
260,181,1652.4,532.0,84.5,187.3,1,-1,-1,-1
260,182,1395.9,616.4,47.2,93.3,1,-1,-1,-1
261,135,1540.8,419.0,98.0,284.0,1,-1,-1,-1
261,142,1747.1,414.2,164.7,223.6,1,-1,-1,-1
261,180,0.0,541.3,48.8,134.7,1,-1,-1,-1
261,181,1661.4,532.7,80.7,187.1,1,-1,-1,-1
262,135,1542.5,419.0,96.6,283.3,1,-1,-1,-1
262,142,1742.4,413.9,171.2,223.9,1,-1,-1,-1
262,180,0.0,540.1,53.8,126.5,1,-1,-1,-1
262,181,1674.6,519.7,74.6,200.3,1,-1,-1,-1
263,142,1744.0,413.2,173.2,224.7,1,-1,-1,-1
263,180,0.0,540.5,54.6,122.0,1,-1,-1,-1
263,181,1680.7,518.4,74.9,198.7,1,-1,-1,-1
264,142,1778.5,413.6,140.8,182.9,1,-1,-1,-1
264,180,0.0,540.9,53.5,122.7,1,-1,-1,-1
264,181,1685.5,519.2,72.9,199.6,1,-1,-1,-1
265,180,0.0,541.0,53.1,123.6,1,-1,-1,-1
265,181,1689.5,519.2,75.1,202.0,1,-1,-1,-1
266,142,1800.5,415.4,131.2,207.5,1,-1,-1,-1
266,180,0.0,541.7,54.4,122.5,1,-1,-1,-1
266,181,1693.4,476.4,91.1,246.8,1,-1,-1,-1
267,142,1795.8,417.5,128.2,211.3,1,-1,-1,-1
267,180,0.0,542.0,55.5,126.3,1,-1,-1,-1
267,181,1695.9,456.2,92.4,262.3,1,-1,-1,-1
268,142,1728.6,418.9,191.8,279.0,1,-1,-1,-1
268,180,0.0,542.1,55.2,128.2,1,-1,-1,-1
268,185,878.0,720.5,68.8,98.2,1,-1,-1,-1
269,142,1771.3,420.6,137.3,230.7,1,-1,-1,-1
269,180,0.0,541.3,53.6,129.5,1,-1,-1,-1
269,181,1706.0,459.9,85.8,256.5,1,-1,-1,-1
270,135,1552.2,419.7,93.4,283.1,1,-1,-1,-1
270,142,1806.1,421.2,117.5,216.2,1,-1,-1,-1
270,180,0.0,541.0,53.9,129.8,1,-1,-1,-1
270,181,1711.7,470.3,88.7,254.8,1,-1,-1,-1
271,135,1554.7,420.7,91.7,282.3,1,-1,-1,-1
271,180,11.9,540.9,42.8,130.0,1,-1,-1,-1
271,181,1715.0,439.1,170.1,287.8,1,-1,-1,-1
272,135,1556.0,422.5,91.2,280.0,1,-1,-1,-1
272,142,1822.5,419.9,110.8,213.3,1,-1,-1,-1
272,180,15.4,540.3,40.1,128.6,1,-1,-1,-1
272,181,1716.3,457.5,118.9,262.7,1,-1,-1,-1
272,187,857.8,604.2,55.2,65.1,1,-1,-1,-1
273,135,1557.0,423.9,90.4,246.4,1,-1,-1,-1
273,142,1814.6,419.0,108.9,212.4,1,-1,-1,-1
273,180,17.2,539.3,37.2,128.2,1,-1,-1,-1
273,181,1718.4,471.4,105.7,255.9,1,-1,-1,-1
273,187,874.1,608.8,46.7,63.6,1,-1,-1,-1
273,188,911.5,352.9,157.4,348.3,1,-1,-1,-1
274,135,1557.9,429.1,90.1,261.5,1,-1,-1,-1
274,142,1814.9,417.4,104.8,213.5,1,-1,-1,-1
274,180,20.2,539.6,32.9,110.6,1,-1,-1,-1
274,181,1722.7,534.5,97.5,194.4,1,-1,-1,-1
274,187,879.7,609.8,44.8,59.0,1,-1,-1,-1
274,188,897.2,355.4,176.0,340.4,1,-1,-1,-1
275,135,1558.8,431.3,93.5,266.1,1,-1,-1,-1
275,142,1798.9,416.2,121.0,214.6,1,-1,-1,-1
275,181,1727.2,563.9,93.0,174.5,1,-1,-1,-1
275,190,975.0,725.5,48.1,81.8,1,-1,-1,-1
276,135,1561.2,430.8,96.0,268.1,1,-1,-1,-1
276,142,1812.3,415.8,104.9,214.2,1,-1,-1,-1
276,181,1732.7,568.6,87.4,166.5,1,-1,-1,-1
276,189,1473.4,602.8,59.3,102.3,1,-1,-1,-1
276,190,975.8,725.5,46.6,81.2,1,-1,-1,-1
277,135,1564.3,430.9,102.3,268.7,1,-1,-1,-1
277,142,1821.3,416.6,100.1,213.3,1,-1,-1,-1
277,181,1739.5,566.4,80.1,164.7,1,-1,-1,-1
277,189,1475.2,601.7,69.6,102.1,1,-1,-1,-1
277,190,976.8,727.2,45.5,77.6,1,-1,-1,-1
278,135,1566.7,432.4,108.4,268.2,1,-1,-1,-1
278,142,1823.4,418.4,98.6,183.0,1,-1,-1,-1
278,181,1741.0,563.6,79.3,169.1,1,-1,-1,-1
278,189,1474.7,612.2,46.8,90.1,1,-1,-1,-1
278,190,980.6,735.1,43.0,69.5,1,-1,-1,-1
279,135,1569.5,437.3,109.5,265.3,1,-1,-1,-1
279,142,1843.1,419.8,77.9,166.2,1,-1,-1,-1
279,181,1738.5,562.7,81.2,169.7,1,-1,-1,-1
279,189,1475.5,617.4,39.2,86.5,1,-1,-1,-1
279,190,987.8,738.5,38.8,65.6,1,-1,-1,-1
279,191,775.9,535.6,41.0,145.5,1,-1,-1,-1
280,135,1546.5,442.1,133.7,261.6,1,-1,-1,-1
280,142,1853.4,421.6,70.3,162.6,1,-1,-1,-1
280,181,1735.6,561.3,82.5,171.3,1,-1,-1,-1
280,188,892.1,361.8,211.0,338.7,1,-1,-1,-1
280,189,1476.0,617.3,37.0,86.2,1,-1,-1,-1
280,191,774.8,537.5,39.6,143.1,1,-1,-1,-1
281,142,1857.1,422.2,65.9,186.0,1,-1,-1,-1
281,181,1731.2,560.9,83.5,171.8,1,-1,-1,-1
281,188,911.4,360.5,223.6,338.2,1,-1,-1,-1
281,189,1477.5,599.6,34.9,102.8,1,-1,-1,-1
281,191,772.0,582.3,48.3,98.9,1,-1,-1,-1
281,193,1822.0,476.0,42.0,91.1,1,-1,-1,-1
282,142,1859.1,422.9,62.5,188.1,1,-1,-1,-1
282,181,1725.4,560.2,81.1,171.9,1,-1,-1,-1
282,188,914.6,355.7,237.2,345.8,1,-1,-1,-1
282,189,1478.8,589.9,35.7,109.3,1,-1,-1,-1
282,191,771.5,603.8,40.4,84.3,1,-1,-1,-1
283,142,1861.5,422.4,59.3,192.9,1,-1,-1,-1
283,181,1722.0,559.2,83.8,172.7,1,-1,-1,-1
283,189,1480.6,589.6,38.0,109.1,1,-1,-1,-1
283,191,773.2,606.4,38.7,80.6,1,-1,-1,-1
283,193,1808.0,487.2,48.3,80.5,1,-1,-1,-1
284,135,1531.9,470.0,137.4,236.7,1,-1,-1,-1
284,142,1865.1,422.0,55.6,197.2,1,-1,-1,-1
284,181,1717.9,511.3,121.0,220.5,1,-1,-1,-1
284,191,776.8,603.9,36.8,79.5,1,-1,-1,-1
285,135,1547.3,478.9,140.6,228.5,1,-1,-1,-1
285,142,1867.7,421.9,53.1,198.5,1,-1,-1,-1
285,181,1712.3,490.3,136.4,233.5,1,-1,-1,-1
285,188,923.1,413.6,150.3,271.7,1,-1,-1,-1
285,191,776.9,593.1,36.9,88.2,1,-1,-1,-1
286,135,1550.5,482.7,144.4,223.3,1,-1,-1,-1
286,142,1869.8,421.3,50.9,199.5,1,-1,-1,-1
286,181,1706.2,487.6,145.2,238.0,1,-1,-1,-1
286,188,916.8,444.3,134.0,243.9,1,-1,-1,-1
286,191,779.1,591.8,33.5,88.1,1,-1,-1,-1
287,142,1871.7,419.6,48.9,201.3,1,-1,-1,-1
287,188,918.7,455.3,117.9,223.7,1,-1,-1,-1
287,191,781.5,595.2,30.3,85.2,1,-1,-1,-1
288,142,1872.9,418.9,47.6,192.7,1,-1,-1,-1
288,188,922.0,455.0,111.7,216.9,1,-1,-1,-1
288,191,783.0,599.1,28.7,83.0,1,-1,-1,-1
289,142,1873.9,418.8,46.5,189.4,1,-1,-1,-1
289,188,924.0,460.6,109.1,207.2,1,-1,-1,-1
290,142,1875.5,420.3,44.7,147.1,1,-1,-1,-1
290,188,924.3,482.8,108.3,184.7,1,-1,-1,-1
291,142,1876.1,422.5,44.2,160.3,1,-1,-1,-1
292,135,1537.2,420.6,247.7,308.5,1,-1,-1,-1
292,142,1877.6,425.3,42.7,128.6,1,-1,-1,-1
292,188,918.0,496.9,114.4,170.9,1,-1,-1,-1
292,196,0.0,654.2,35.8,72.3,1,-1,-1,-1
293,135,1529.5,385.9,274.5,333.3,1,-1,-1,-1
293,142,1878.8,427.0,41.5,122.6,1,-1,-1,-1
293,188,915.4,503.6,98.7,145.8,1,-1,-1,-1
294,135,1532.6,382.4,282.6,339.4,1,-1,-1,-1
294,142,1881.3,427.3,39.0,134.8,1,-1,-1,-1
294,188,915.4,507.1,94.0,138.2,1,-1,-1,-1
295,142,1882.9,427.2,37.6,144.7,1,-1,-1,-1
295,188,915.8,508.4,87.7,135.3,1,-1,-1,-1
296,142,1884.0,427.0,36.5,123.9,1,-1,-1,-1
296,188,899.2,509.0,99.1,133.0,1,-1,-1,-1
296,197,772.3,471.7,37.2,88.8,1,-1,-1,-1
297,142,1886.3,427.0,34.0,116.3,1,-1,-1,-1
297,188,906.0,514.0,65.4,81.2,1,-1,-1,-1
297,195,996.6,451.1,39.1,66.0,1,-1,-1,-1
297,197,772.7,476.3,37.8,93.8,1,-1,-1,-1
298,142,1887.9,426.3,32.6,114.7,1,-1,-1,-1
298,188,912.7,512.8,53.2,69.2,1,-1,-1,-1
298,195,996.1,454.7,39.0,63.2,1,-1,-1,-1
298,197,772.3,479.7,39.3,94.7,1,-1,-1,-1
298,198,1240.4,611.0,53.0,136.5,1,-1,-1,-1
299,142,1888.3,426.0,32.2,113.5,1,-1,-1,-1
299,188,925.3,516.2,46.1,61.3,1,-1,-1,-1
299,197,769.2,484.7,46.1,78.8,1,-1,-1,-1
300,135,1556.9,383.8,263.3,337.7,1,-1,-1,-1
300,142,1888.8,426.6,31.4,112.5,1,-1,-1,-1
300,197,768.5,490.0,50.9,82.4,1,-1,-1,-1
301,142,1889.1,427.0,31.1,112.1,1,-1,-1,-1
302,142,1889.1,427.8,31.0,111.3,1,-1,-1,-1
303,142,1889.0,428.8,31.0,106.2,1,-1,-1,-1
304,142,1888.3,430.5,31.7,104.0,1,-1,-1,-1
304,202,807.6,477.2,50.8,94.4,1,-1,-1,-1
305,135,1596.6,401.6,238.6,335.1,1,-1,-1,-1
305,142,1888.7,431.9,31.2,102.6,1,-1,-1,-1
305,202,811.6,476.8,50.9,94.1,1,-1,-1,-1
306,135,1594.7,393.2,231.9,333.6,1,-1,-1,-1
306,142,1889.0,432.2,31.1,102.9,1,-1,-1,-1
306,202,815.4,476.8,46.8,94.7,1,-1,-1,-1
306,203,1311.6,621.7,75.7,112.4,1,-1,-1,-1
307,135,1594.6,392.9,223.6,331.8,1,-1,-1,-1
307,142,1889.0,432.8,31.0,102.3,1,-1,-1,-1
307,202,820.7,477.0,42.7,93.5,1,-1,-1,-1
307,203,1322.0,622.1,66.1,112.1,1,-1,-1,-1
308,135,1591.4,395.0,223.2,330.5,1,-1,-1,-1
308,142,1890.4,433.1,29.6,102.1,1,-1,-1,-1
308,202,825.3,477.7,38.7,93.2,1,-1,-1,-1
308,203,1331.5,617.2,56.9,116.2,1,-1,-1,-1
309,135,1591.2,396.0,214.0,330.9,1,-1,-1,-1
309,142,1889.7,433.1,30.6,102.0,1,-1,-1,-1
309,202,830.1,480.1,38.2,91.6,1,-1,-1,-1
309,203,1336.3,612.0,52.8,120.3,1,-1,-1,-1
310,135,1593.1,395.5,209.8,331.7,1,-1,-1,-1
310,142,1889.1,432.3,30.9,102.7,1,-1,-1,-1
310,202,834.4,482.6,31.8,90.5,1,-1,-1,-1
310,203,1337.0,610.4,57.1,121.5,1,-1,-1,-1
310,204,0.0,611.0,29.6,71.9,1,-1,-1,-1
311,142,1888.9,432.0,31.0,102.2,1,-1,-1,-1
311,202,837.7,485.4,27.7,89.4,1,-1,-1,-1
311,204,0.0,608.1,30.6,64.3,1,-1,-1,-1
312,142,1888.9,431.2,31.0,102.1,1,-1,-1,-1
312,204,0.0,610.4,31.6,58.5,1,-1,-1,-1
313,142,1888.3,430.2,31.7,106.9,1,-1,-1,-1
313,204,0.0,597.2,28.4,76.3,1,-1,-1,-1
314,142,1888.7,429.2,31.2,109.1,1,-1,-1,-1
314,204,0.0,603.2,30.9,90.1,1,-1,-1,-1
315,142,1889.7,429.6,30.4,109.7,1,-1,-1,-1
315,204,0.0,608.9,38.7,96.3,1,-1,-1,-1
316,207,908.3,439.3,61.8,134.5,1,-1,-1,-1
317,204,0.0,580.9,29.8,91.2,1,-1,-1,-1
317,207,907.3,434.7,64.0,136.2,1,-1,-1,-1
318,204,0.0,562.3,41.8,93.2,1,-1,-1,-1
318,207,896.4,432.0,69.6,123.5,1,-1,-1,-1
318,209,1283.2,651.3,45.6,89.4,1,-1,-1,-1
319,204,0.0,561.6,30.8,90.2,1,-1,-1,-1
319,207,896.4,431.5,66.4,118.9,1,-1,-1,-1
319,209,1285.0,638.7,52.2,97.5,1,-1,-1,-1
320,204,0.0,564.4,40.0,90.1,1,-1,-1,-1
320,207,903.7,432.5,78.7,116.2,1,-1,-1,-1
320,209,1279.8,635.3,60.5,100.0,1,-1,-1,-1
321,142,1885.3,468.7,35.7,67.2,1,-1,-1,-1
321,204,0.0,566.0,43.5,90.0,1,-1,-1,-1
321,207,908.7,434.4,81.0,114.0,1,-1,-1,-1
321,209,1269.2,635.8,72.0,107.7,1,-1,-1,-1
322,142,1881.8,487.4,37.3,53.8,1,-1,-1,-1
322,207,912.6,435.9,78.9,112.6,1,-1,-1,-1
322,209,1265.8,640.9,76.2,106.5,1,-1,-1,-1
323,142,1881.3,489.8,37.8,49.0,1,-1,-1,-1
323,209,1266.7,636.3,76.8,111.8,1,-1,-1,-1
323,210,921.6,578.0,55.8,81.2,1,-1,-1,-1
324,142,1881.0,487.6,38.6,47.6,1,-1,-1,-1
324,209,1276.1,633.2,68.5,108.4,1,-1,-1,-1
324,210,922.7,577.1,55.2,80.4,1,-1,-1,-1
325,142,1881.6,486.1,38.2,95.5,1,-1,-1,-1
325,209,1287.5,632.5,62.6,106.0,1,-1,-1,-1
325,210,922.4,574.1,54.4,82.9,1,-1,-1,-1
325,213,1364.9,632.9,35.1,89.1,1,-1,-1,-1
326,142,1882.0,483.0,38.1,113.3,1,-1,-1,-1
326,209,1297.5,632.7,57.3,104.6,1,-1,-1,-1
326,210,917.9,568.6,57.6,88.6,1,-1,-1,-1
326,212,791.9,465.0,45.4,91.0,1,-1,-1,-1
326,213,1365.4,642.0,31.5,79.9,1,-1,-1,-1
327,142,1882.8,480.3,37.3,120.1,1,-1,-1,-1
327,207,932.4,438.7,72.0,92.6,1,-1,-1,-1
327,209,1301.0,635.7,57.8,102.1,1,-1,-1,-1
327,212,791.4,453.1,56.3,89.6,1,-1,-1,-1
327,213,1364.5,644.3,32.6,77.9,1,-1,-1,-1
328,207,939.6,439.5,72.0,85.2,1,-1,-1,-1
328,209,1302.4,634.3,83.1,103.4,1,-1,-1,-1
329,209,1303.1,619.2,91.4,116.4,1,-1,-1,-1
330,209,1310.1,613.6,88.3,116.8,1,-1,-1,-1
330,214,837.0,603.4,40.2,77.9,1,-1,-1,-1
331,212,813.4,445.8,45.6,82.9,1,-1,-1,-1
331,213,1360.0,626.2,39.2,103.2,1,-1,-1,-1
331,214,839.2,604.1,41.5,81.5,1,-1,-1,-1
332,213,1365.1,627.8,41.2,96.7,1,-1,-1,-1
332,214,838.8,604.1,53.7,83.2,1,-1,-1,-1
333,214,837.5,604.1,58.1,83.1,1,-1,-1,-1
334,212,851.2,461.5,36.8,69.7,1,-1,-1,-1
335,213,1373.9,635.4,66.2,89.2,1,-1,-1,-1
336,213,1376.6,638.4,72.4,87.0,1,-1,-1,-1
336,216,1122.6,394.0,157.4,208.9,1,-1,-1,-1
337,213,1378.1,638.6,73.5,86.3,1,-1,-1,-1
337,216,1118.4,394.7,162.0,209.0,1,-1,-1,-1
337,217,908.2,438.4,56.8,81.6,1,-1,-1,-1
338,213,1379.7,639.0,72.5,85.4,1,-1,-1,-1
338,214,852.1,607.5,62.9,80.2,1,-1,-1,-1
338,216,1116.0,395.7,164.1,208.3,1,-1,-1,-1
338,217,907.8,440.5,56.2,94.5,1,-1,-1,-1
338,218,1496.8,610.7,73.7,124.6,1,-1,-1,-1
339,213,1381.6,639.0,70.7,85.1,1,-1,-1,-1
339,216,1113.5,395.4,168.2,208.1,1,-1,-1,-1
339,218,1497.2,597.8,71.1,133.3,1,-1,-1,-1
340,213,1382.2,638.3,70.2,85.7,1,-1,-1,-1
340,216,1112.7,393.7,169.5,208.7,1,-1,-1,-1
340,218,1497.1,595.6,69.6,134.5,1,-1,-1,-1
341,216,1112.8,392.2,169.8,208.9,1,-1,-1,-1
341,218,1497.0,597.6,68.5,134.1,1,-1,-1,-1
342,216,1113.6,389.7,169.3,208.3,1,-1,-1,-1
342,218,1497.0,598.2,66.0,134.0,1,-1,-1,-1
343,216,1114.0,387.4,168.4,210.9,1,-1,-1,-1
343,218,1499.1,593.3,61.8,138.2,1,-1,-1,-1
344,213,1376.9,621.5,75.0,102.0,1,-1,-1,-1
344,216,1114.1,385.3,167.4,212.4,1,-1,-1,-1
344,218,1500.1,593.6,62.6,135.3,1,-1,-1,-1
345,213,1378.0,623.4,72.2,97.8,1,-1,-1,-1
345,216,1114.0,383.3,165.7,214.2,1,-1,-1,-1
345,221,836.9,605.1,64.4,84.9,1,-1,-1,-1
346,213,1380.9,625.5,70.0,97.9,1,-1,-1,-1
346,216,1112.6,382.7,166.6,215.5,1,-1,-1,-1
346,217,909.4,457.7,46.3,64.0,1,-1,-1,-1
346,221,835.7,607.1,58.5,76.6,1,-1,-1,-1
347,213,1382.9,626.9,70.0,97.3,1,-1,-1,-1
347,216,1109.1,382.8,168.3,217.9,1,-1,-1,-1
347,217,912.5,461.5,41.9,61.2,1,-1,-1,-1
347,221,834.4,604.7,56.1,72.7,1,-1,-1,-1
348,213,1383.3,626.5,71.4,97.8,1,-1,-1,-1
348,216,1106.3,383.7,169.5,219.4,1,-1,-1,-1
348,217,919.7,463.3,39.2,60.4,1,-1,-1,-1
348,218,1499.3,608.1,60.8,116.2,1,-1,-1,-1
348,221,833.2,603.1,46.9,74.3,1,-1,-1,-1
348,223,1789.1,574.5,34.6,78.1,1,-1,-1,-1
349,216,1107.0,384.7,167.0,229.6,1,-1,-1,-1
349,217,923.3,463.4,39.7,60.1,1,-1,-1,-1
349,218,1497.3,632.8,62.3,90.9,1,-1,-1,-1
349,221,833.5,602.7,42.8,74.8,1,-1,-1,-1
349,223,1793.4,574.5,32.8,78.0,1,-1,-1,-1
350,216,1107.8,385.8,164.9,251.6,1,-1,-1,-1
351,216,1107.4,385.4,162.2,263.1,1,-1,-1,-1
351,223,1801.6,574.2,32.9,76.6,1,-1,-1,-1
352,216,1104.9,383.7,160.0,282.6,1,-1,-1,-1
352,223,1805.0,571.9,35.1,79.0,1,-1,-1,-1
353,216,1101.8,381.5,160.0,289.2,1,-1,-1,-1
353,223,1800.0,572.3,43.4,77.6,1,-1,-1,-1
354,216,1092.3,379.4,167.7,292.6,1,-1,-1,-1
355,216,1084.1,375.9,172.1,302.0,1,-1,-1,-1
356,216,1079.1,373.3,176.2,306.9,1,-1,-1,-1
357,216,1073.9,370.5,181.0,310.5,1,-1,-1,-1
358,216,1071.0,369.0,183.1,312.2,1,-1,-1,-1
359,216,1068.4,368.7,185.1,298.1,1,-1,-1,-1
360,216,1065.5,370.3,187.8,292.4,1,-1,-1,-1
361,216,1063.3,371.0,190.1,308.2,1,-1,-1,-1
362,216,1062.0,371.9,192.1,314.4,1,-1,-1,-1
362,224,0.0,619.4,169.7,359.6,1,-1,-1,-1
363,216,1061.1,372.8,194.1,316.2,1,-1,-1,-1
363,224,0.0,433.3,175.5,531.4,1,-1,-1,-1
364,216,1058.8,372.4,196.8,318.2,1,-1,-1,-1
364,224,0.0,264.9,177.9,678.8,1,-1,-1,-1
365,216,1057.8,370.0,198.4,324.3,1,-1,-1,-1
365,224,0.0,214.2,192.7,725.8,1,-1,-1,-1
366,216,1059.9,368.2,196.7,327.6,1,-1,-1,-1
366,224,0.0,218.5,215.3,740.0,1,-1,-1,-1
367,216,1061.0,363.5,195.5,383.2,1,-1,-1,-1
367,224,0.0,227.7,241.7,749.1,1,-1,-1,-1
368,216,1059.8,360.3,195.2,401.3,1,-1,-1,-1
368,224,7.0,232.3,259.4,748.3,1,-1,-1,-1
369,216,1057.6,358.1,195.0,408.1,1,-1,-1,-1
369,224,23.6,236.4,265.4,743.9,1,-1,-1,-1
370,216,1054.7,355.5,195.0,415.7,1,-1,-1,-1
370,224,40.8,239.7,277.0,740.5,1,-1,-1,-1
371,216,1052.3,354.7,194.3,420.8,1,-1,-1,-1
371,224,46.8,244.7,314.1,734.5,1,-1,-1,-1
372,216,1050.3,355.5,193.4,349.5,1,-1,-1,-1
372,224,47.3,253.5,367.9,723.7,1,-1,-1,-1
373,216,1046.9,356.7,193.8,401.0,1,-1,-1,-1
373,224,47.9,261.0,397.4,712.7,1,-1,-1,-1
374,216,1044.3,357.8,192.5,419.2,1,-1,-1,-1
374,224,50.2,266.5,410.4,702.4,1,-1,-1,-1
375,216,1040.8,359.5,190.8,424.7,1,-1,-1,-1
375,224,58.8,269.9,410.8,695.8,1,-1,-1,-1
376,216,1036.1,359.5,190.9,429.8,1,-1,-1,-1
376,224,78.6,272.0,397.6,689.6,1,-1,-1,-1
377,216,1030.3,356.3,191.0,434.8,1,-1,-1,-1
377,224,120.8,272.4,360.1,680.8,1,-1,-1,-1
378,216,1024.2,353.5,191.0,438.5,1,-1,-1,-1
378,224,161.9,270.8,327.1,666.2,1,-1,-1,-1
379,216,995.7,351.2,216.2,440.9,1,-1,-1,-1
379,224,201.4,270.7,300.4,662.6,1,-1,-1,-1
380,216,985.4,347.2,247.6,445.2,1,-1,-1,-1
380,224,260.6,270.9,261.6,661.5,1,-1,-1,-1
381,216,986.0,344.2,257.0,447.9,1,-1,-1,-1
381,224,311.8,275.9,230.4,656.2,1,-1,-1,-1
382,216,988.9,341.5,224.8,450.8,1,-1,-1,-1
382,224,342.0,278.2,221.7,657.5,1,-1,-1,-1
382,229,1610.9,379.0,309.5,367.6,1,-1,-1,-1
382,230,1474.2,398.0,112.1,170.4,1,-1,-1,-1
383,216,990.1,339.9,215.1,454.4,1,-1,-1,-1
383,224,357.9,281.3,218.4,655.0,1,-1,-1,-1
383,229,1616.5,378.2,304.2,368.6,1,-1,-1,-1
383,230,1477.5,398.0,107.8,168.0,1,-1,-1,-1
384,216,986.1,339.0,214.3,460.4,1,-1,-1,-1
384,224,370.7,285.1,217.4,650.8,1,-1,-1,-1
384,229,1619.9,377.9,301.3,368.9,1,-1,-1,-1
384,230,1479.8,399.4,106.6,163.8,1,-1,-1,-1
384,232,87.1,412.4,58.5,91.5,1,-1,-1,-1
385,216,979.0,337.4,229.5,467.1,1,-1,-1,-1
385,224,376.0,291.3,243.0,645.3,1,-1,-1,-1
385,229,1621.3,375.8,299.7,371.1,1,-1,-1,-1
385,230,1483.2,401.5,104.1,159.0,1,-1,-1,-1
386,216,974.3,338.3,236.2,469.1,1,-1,-1,-1
386,224,376.3,297.8,265.4,638.8,1,-1,-1,-1
386,229,1621.3,386.1,252.3,319.2,1,-1,-1,-1
386,230,1486.4,402.9,104.0,157.6,1,-1,-1,-1
387,216,969.0,338.9,241.6,472.5,1,-1,-1,-1
387,224,377.6,301.2,284.7,635.4,1,-1,-1,-1
387,229,1627.4,392.0,231.8,303.7,1,-1,-1,-1
387,230,1490.9,403.2,104.0,160.7,1,-1,-1,-1
387,232,120.5,419.3,72.2,96.0,1,-1,-1,-1
388,216,964.6,340.5,246.8,474.3,1,-1,-1,-1
388,224,381.6,303.1,291.9,630.9,1,-1,-1,-1
388,229,1632.4,394.5,228.4,282.9,1,-1,-1,-1
388,230,1496.7,402.4,101.9,164.4,1,-1,-1,-1
388,232,135.9,420.6,72.0,98.1,1,-1,-1,-1
389,216,959.9,340.4,253.2,476.9,1,-1,-1,-1
389,224,390.3,308.3,289.9,622.6,1,-1,-1,-1
389,229,1635.1,395.3,230.2,271.8,1,-1,-1,-1
389,230,1500.7,401.3,101.3,168.3,1,-1,-1,-1
389,232,149.2,420.4,72.7,98.7,1,-1,-1,-1
390,216,957.7,339.4,260.8,479.1,1,-1,-1,-1
390,224,416.8,309.7,281.6,595.6,1,-1,-1,-1
390,229,1639.0,396.6,230.8,282.4,1,-1,-1,-1
390,230,1507.2,400.9,101.1,163.2,1,-1,-1,-1
390,232,168.9,419.4,65.9,98.2,1,-1,-1,-1
390,234,1665.7,582.7,44.1,105.2,1,-1,-1,-1
391,216,956.8,336.9,266.5,481.8,1,-1,-1,-1
391,224,447.4,308.8,267.9,579.1,1,-1,-1,-1
391,229,1643.2,397.1,228.8,283.5,1,-1,-1,-1
391,230,1516.6,399.5,98.9,168.7,1,-1,-1,-1
391,234,1667.5,583.7,44.7,104.4,1,-1,-1,-1
392,216,952.6,333.0,266.9,485.4,1,-1,-1,-1
392,224,486.8,306.0,248.4,567.1,1,-1,-1,-1
392,229,1648.7,396.4,224.0,283.9,1,-1,-1,-1
392,230,1524.1,398.2,99.0,171.7,1,-1,-1,-1
392,233,1876.5,372.8,45.0,180.6,1,-1,-1,-1
392,234,1668.9,583.4,46.3,104.8,1,-1,-1,-1
393,216,945.1,328.8,239.7,489.3,1,-1,-1,-1
393,224,517.6,304.1,232.7,564.2,1,-1,-1,-1
393,229,1653.4,396.7,221.2,283.3,1,-1,-1,-1
393,230,1526.8,397.8,104.6,170.5,1,-1,-1,-1
393,233,1878.6,376.2,42.9,171.1,1,-1,-1,-1
393,234,1669.9,582.4,48.2,104.9,1,-1,-1,-1
394,216,934.6,325.4,234.3,492.6,1,-1,-1,-1
394,224,534.6,303.0,225.9,557.8,1,-1,-1,-1
394,229,1658.1,396.3,217.6,283.8,1,-1,-1,-1
394,230,1528.8,397.2,109.1,170.2,1,-1,-1,-1
394,233,1878.6,395.6,42.3,149.3,1,-1,-1,-1
394,234,1670.9,603.6,39.0,83.3,1,-1,-1,-1
395,216,928.9,322.4,229.2,496.4,1,-1,-1,-1
395,224,550.5,304.9,222.5,553.7,1,-1,-1,-1
395,229,1663.8,395.3,243.8,284.6,1,-1,-1,-1
395,230,1534.9,396.9,109.7,164.4,1,-1,-1,-1
395,234,1673.9,616.6,37.6,73.3,1,-1,-1,-1
395,236,1185.3,455.0,41.5,56.5,1,-1,-1,-1
395,237,1203.9,540.6,37.6,92.7,1,-1,-1,-1
396,216,923.0,320.2,229.1,503.1,1,-1,-1,-1
396,224,564.2,308.8,219.3,556.7,1,-1,-1,-1
396,229,1668.4,394.2,248.8,285.6,1,-1,-1,-1
396,230,1538.1,397.6,111.3,166.9,1,-1,-1,-1
396,234,1676.6,621.3,39.3,66.8,1,-1,-1,-1
396,236,1188.2,454.3,42.5,54.0,1,-1,-1,-1
396,237,1213.0,542.8,34.4,87.3,1,-1,-1,-1
397,216,915.0,320.4,229.0,506.5,1,-1,-1,-1
397,224,582.6,313.8,212.8,554.8,1,-1,-1,-1
397,229,1673.9,394.6,222.3,285.2,1,-1,-1,-1
397,230,1540.7,400.8,113.9,161.4,1,-1,-1,-1
397,233,1884.5,446.5,35.8,108.5,1,-1,-1,-1
397,236,1194.9,454.7,39.4,58.9,1,-1,-1,-1
397,237,1214.6,544.0,43.2,86.4,1,-1,-1,-1
398,216,901.7,320.1,234.6,510.4,1,-1,-1,-1
398,224,598.0,316.9,222.0,552.8,1,-1,-1,-1
398,229,1677.7,395.6,216.5,284.4,1,-1,-1,-1
398,230,1543.5,402.9,114.7,159.7,1,-1,-1,-1
398,233,1890.1,456.8,31.0,96.2,1,-1,-1,-1
398,236,1200.3,455.0,39.1,59.0,1,-1,-1,-1
398,237,1216.6,544.9,47.3,86.1,1,-1,-1,-1
399,216,896.8,322.1,231.4,512.2,1,-1,-1,-1
399,224,604.2,320.3,238.1,549.5,1,-1,-1,-1
399,229,1680.0,401.7,212.7,278.5,1,-1,-1,-1
399,230,1547.1,404.0,113.5,159.2,1,-1,-1,-1
399,233,1892.4,456.7,28.9,92.6,1,-1,-1,-1
399,236,1204.6,455.7,37.6,52.0,1,-1,-1,-1
399,237,1219.3,545.8,49.2,85.3,1,-1,-1,-1
400,216,893.9,324.5,225.5,514.2,1,-1,-1,-1
400,224,605.2,324.9,250.6,544.9,1,-1,-1,-1
400,230,1551.2,404.2,112.5,160.5,1,-1,-1,-1
400,236,1207.7,455.4,38.6,61.1,1,-1,-1,-1
400,237,1222.4,529.3,48.4,102.6,1,-1,-1,-1
401,216,863.4,325.3,252.5,518.2,1,-1,-1,-1
401,224,606.0,328.6,253.7,528.9,1,-1,-1,-1
401,229,1685.0,403.3,227.6,264.2,1,-1,-1,-1
401,230,1556.0,404.8,110.0,160.8,1,-1,-1,-1
401,236,1209.9,455.0,39.6,61.7,1,-1,-1,-1
401,237,1228.3,520.7,58.6,109.2,1,-1,-1,-1
402,216,851.6,323.1,256.3,523.0,1,-1,-1,-1
402,224,613.8,330.9,248.3,519.2,1,-1,-1,-1
402,229,1687.7,402.8,212.5,256.3,1,-1,-1,-1
402,230,1559.6,405.7,107.9,159.6,1,-1,-1,-1
402,236,1213.8,446.6,42.0,68.2,1,-1,-1,-1
402,237,1233.3,514.4,58.2,116.8,1,-1,-1,-1
403,216,852.5,319.2,253.3,527.2,1,-1,-1,-1
403,224,626.5,331.4,237.6,514.8,1,-1,-1,-1
403,229,1690.5,402.1,224.0,254.7,1,-1,-1,-1
403,230,1563.3,405.4,103.8,160.6,1,-1,-1,-1
403,236,1217.4,442.6,40.6,71.6,1,-1,-1,-1
403,237,1238.2,527.0,40.6,105.7,1,-1,-1,-1
404,216,709.4,315.6,391.0,530.6,1,-1,-1,-1
404,230,1566.6,405.1,100.4,163.0,1,-1,-1,-1
404,236,1220.6,442.2,41.6,78.9,1,-1,-1,-1
404,237,1239.6,532.6,41.6,103.8,1,-1,-1,-1
404,239,1742.2,601.0,31.8,79.0,1,-1,-1,-1
405,216,664.3,311.0,393.1,535.1,1,-1,-1,-1
405,229,1696.0,404.6,205.1,252.1,1,-1,-1,-1
405,230,1568.8,404.3,98.7,163.7,1,-1,-1,-1
405,236,1224.9,442.7,44.7,158.1,1,-1,-1,-1
405,239,1742.6,601.7,35.5,77.6,1,-1,-1,-1
406,216,684.4,306.7,372.7,539.2,1,-1,-1,-1
406,229,1700.9,405.4,195.9,252.0,1,-1,-1,-1
406,230,1572.2,403.2,96.1,163.2,1,-1,-1,-1
406,236,1229.2,443.0,45.6,183.9,1,-1,-1,-1
406,239,1742.2,599.2,37.2,75.8,1,-1,-1,-1
407,216,720.2,302.7,348.4,544.7,1,-1,-1,-1
407,229,1706.0,404.6,191.8,252.7,1,-1,-1,-1
407,230,1584.5,402.9,84.8,161.7,1,-1,-1,-1
407,236,1232.6,443.1,50.1,190.3,1,-1,-1,-1
407,239,1746.2,600.7,37.8,75.2,1,-1,-1,-1
408,216,743.1,300.8,332.0,553.3,1,-1,-1,-1
408,229,1702.7,402.6,196.8,254.3,1,-1,-1,-1
408,230,1590.5,402.9,84.3,161.9,1,-1,-1,-1
408,236,1231.4,443.0,57.7,192.2,1,-1,-1,-1
408,239,1750.9,603.3,39.3,70.2,1,-1,-1,-1
409,216,755.5,299.9,319.4,562.2,1,-1,-1,-1
409,229,1706.6,402.6,192.1,254.1,1,-1,-1,-1
409,230,1593.3,403.7,83.4,161.3,1,-1,-1,-1
409,236,1230.2,443.7,62.1,192.1,1,-1,-1,-1
410,216,769.3,300.5,303.7,568.4,1,-1,-1,-1
410,229,1702.6,402.1,198.3,254.7,1,-1,-1,-1
410,230,1597.1,405.4,84.5,156.9,1,-1,-1,-1
410,236,1229.9,442.6,67.6,196.9,1,-1,-1,-1
411,216,781.3,301.7,288.5,572.3,1,-1,-1,-1
411,229,1706.4,402.0,198.1,254.9,1,-1,-1,-1
411,230,1599.8,406.1,87.0,154.2,1,-1,-1,-1
411,236,1229.2,442.0,72.1,197.7,1,-1,-1,-1
412,216,777.6,302.1,267.9,577.7,1,-1,-1,-1
412,229,1708.2,402.7,207.1,262.0,1,-1,-1,-1
412,230,1606.0,408.3,88.4,151.9,1,-1,-1,-1
412,236,1228.9,442.6,81.1,191.6,1,-1,-1,-1
413,216,770.3,302.1,261.7,582.1,1,-1,-1,-1
413,236,1228.9,451.4,89.4,180.7,1,-1,-1,-1
414,216,763.9,301.3,259.1,585.5,1,-1,-1,-1
414,236,1229.0,455.4,95.4,176.0,1,-1,-1,-1
414,241,0.0,612.4,27.7,92.6,1,-1,-1,-1
415,216,758.6,297.5,258.3,590.1,1,-1,-1,-1
415,236,1229.0,456.6,102.8,183.7,1,-1,-1,-1
415,241,0.0,612.1,39.8,92.9,1,-1,-1,-1
416,216,753.8,292.3,268.6,594.9,1,-1,-1,-1
416,236,1229.0,455.7,106.4,188.1,1,-1,-1,-1
416,241,0.0,539.2,47.6,165.8,1,-1,-1,-1
417,216,744.7,286.3,289.2,600.6,1,-1,-1,-1
417,236,1259.8,455.1,78.1,189.4,1,-1,-1,-1
417,241,0.0,504.9,51.4,187.6,1,-1,-1,-1
418,216,735.6,279.4,305.2,607.2,1,-1,-1,-1
418,236,1276.4,454.2,66.8,190.5,1,-1,-1,-1
418,241,0.0,500.8,51.8,193.5,1,-1,-1,-1
419,216,727.3,275.8,320.4,610.6,1,-1,-1,-1
419,236,1281.9,453.2,60.0,191.6,1,-1,-1,-1
419,241,0.0,505.0,51.9,195.9,1,-1,-1,-1
420,216,717.9,273.9,339.0,613.0,1,-1,-1,-1
420,236,1284.4,452.9,55.1,191.9,1,-1,-1,-1
420,241,0.0,507.8,54.1,196.7,1,-1,-1,-1
420,242,1230.0,511.0,40.0,45.0,1,-1,-1,-1
421,216,709.3,270.8,354.4,621.4,1,-1,-1,-1
421,236,1286.7,452.2,51.5,192.7,1,-1,-1,-1
421,241,0.0,577.0,49.1,127.6,1,-1,-1,-1
422,216,696.4,271.1,376.5,628.8,1,-1,-1,-1
422,236,1287.3,449.1,56.8,195.7,1,-1,-1,-1
422,241,0.0,612.0,48.3,108.3,1,-1,-1,-1
423,216,670.8,273.9,407.0,631.7,1,-1,-1,-1
423,236,1292.1,447.1,57.6,197.3,1,-1,-1,-1
423,242,1230.2,511.7,40.0,44.3,1,-1,-1,-1
423,243,0.0,506.0,50.2,166.5,1,-1,-1,-1
424,216,649.7,275.1,311.8,636.8,1,-1,-1,-1
424,236,1297.1,447.4,60.7,197.1,1,-1,-1,-1
424,242,1230.0,511.3,40.0,44.8,1,-1,-1,-1
424,243,0.0,506.6,54.3,169.6,1,-1,-1,-1
425,216,642.0,277.4,284.6,641.1,1,-1,-1,-1
425,236,1302.1,449.2,63.0,195.6,1,-1,-1,-1
425,242,1230.0,511.7,40.0,44.2,1,-1,-1,-1
425,243,0.0,507.7,57.6,170.6,1,-1,-1,-1
425,244,149.3,452.1,51.9,65.9,1,-1,-1,-1
426,216,638.5,278.2,278.6,646.6,1,-1,-1,-1
426,236,1305.7,450.1,65.1,195.2,1,-1,-1,-1
426,243,0.0,507.4,60.7,188.4,1,-1,-1,-1
426,244,143.4,453.8,51.3,64.6,1,-1,-1,-1
426,245,934.7,358.6,180.9,424.8,1,-1,-1,-1
427,216,636.8,276.1,274.7,652.5,1,-1,-1,-1
427,236,1308.7,450.2,66.4,195.1,1,-1,-1,-1
427,243,0.0,507.8,62.3,190.2,1,-1,-1,-1
427,245,938.2,360.9,180.3,421.4,1,-1,-1,-1
428,216,622.6,270.8,279.8,659.1,1,-1,-1,-1
428,236,1313.6,450.8,67.5,171.9,1,-1,-1,-1
428,243,0.0,508.7,63.5,195.7,1,-1,-1,-1
428,245,941.5,363.5,180.8,416.9,1,-1,-1,-1
429,216,607.2,264.4,282.7,666.0,1,-1,-1,-1
429,236,1319.7,507.7,65.8,130.7,1,-1,-1,-1
429,243,0.0,510.5,63.8,184.0,1,-1,-1,-1
429,245,948.0,363.6,180.2,415.6,1,-1,-1,-1
430,216,588.2,258.1,282.2,671.6,1,-1,-1,-1
430,236,1322.4,533.8,74.3,119.0,1,-1,-1,-1
430,243,0.0,515.3,55.6,188.2,1,-1,-1,-1
430,245,963.1,363.2,173.8,409.6,1,-1,-1,-1
431,216,574.2,254.1,289.1,676.1,1,-1,-1,-1
431,236,1323.3,479.2,79.7,172.9,1,-1,-1,-1
431,243,0.0,517.4,48.9,191.6,1,-1,-1,-1
431,245,978.3,362.3,167.6,403.6,1,-1,-1,-1
432,216,560.4,250.5,300.9,680.2,1,-1,-1,-1
432,236,1324.0,448.8,81.3,189.1,1,-1,-1,-1
432,243,0.0,518.9,46.9,191.2,1,-1,-1,-1
432,245,989.8,361.2,163.7,398.3,1,-1,-1,-1
433,216,541.6,246.7,317.8,689.9,1,-1,-1,-1
433,236,1326.2,442.8,80.4,194.6,1,-1,-1,-1
433,243,0.0,518.5,48.4,191.1,1,-1,-1,-1
433,245,1001.1,359.5,161.1,400.2,1,-1,-1,-1
434,216,523.9,245.5,292.7,704.7,1,-1,-1,-1
434,236,1330.7,445.2,76.6,196.3,1,-1,-1,-1
434,243,0.0,517.4,48.8,191.7,1,-1,-1,-1
434,245,1010.0,358.8,159.6,400.8,1,-1,-1,-1
435,216,504.7,247.0,291.5,718.9,1,-1,-1,-1
435,236,1340.1,446.9,67.8,197.5,1,-1,-1,-1
435,245,1035.4,359.5,143.8,400.9,1,-1,-1,-1
436,216,488.3,246.6,293.3,726.7,1,-1,-1,-1
436,236,1352.9,446.5,56.0,198.5,1,-1,-1,-1
436,243,0.0,528.6,49.6,194.0,1,-1,-1,-1
436,245,1051.4,361.4,138.3,398.9,1,-1,-1,-1
436,248,1680.2,400.3,240.1,274.8,1,-1,-1,-1
436,249,786.6,518.7,71.9,94.6,1,-1,-1,-1
437,216,475.4,246.1,293.8,733.2,1,-1,-1,-1
437,236,1357.3,446.1,52.5,198.9,1,-1,-1,-1
437,243,0.0,587.6,49.9,133.1,1,-1,-1,-1
437,245,1045.6,363.5,151.4,396.9,1,-1,-1,-1
437,248,1683.3,400.0,237.2,275.6,1,-1,-1,-1
437,249,794.3,519.0,62.9,89.3,1,-1,-1,-1
438,216,458.1,245.9,310.0,742.9,1,-1,-1,-1
438,236,1358.6,446.0,53.6,199.0,1,-1,-1,-1
438,243,0.0,646.4,43.7,108.5,1,-1,-1,-1
438,245,1061.1,366.3,142.7,379.5,1,-1,-1,-1
438,248,1688.6,399.9,232.2,275.9,1,-1,-1,-1
438,249,802.4,519.1,54.6,87.0,1,-1,-1,-1
439,216,439.6,243.9,307.9,750.7,1,-1,-1,-1
439,236,1359.1,446.0,56.7,199.7,1,-1,-1,-1
439,243,0.0,630.6,61.4,187.3,1,-1,-1,-1
439,245,1075.5,369.4,139.4,378.4,1,-1,-1,-1
439,248,1692.6,388.8,228.6,287.9,1,-1,-1,-1
439,249,806.3,519.0,49.3,85.6,1,-1,-1,-1
440,216,417.0,240.1,314.3,756.5,1,-1,-1,-1
440,236,1363.3,446.0,58.3,199.9,1,-1,-1,-1
440,245,1087.5,371.1,139.8,373.2,1,-1,-1,-1
440,248,1696.4,382.8,224.7,291.5,1,-1,-1,-1
440,249,806.1,519.0,47.0,78.2,1,-1,-1,-1
440,251,1068.7,636.7,54.9,114.3,1,-1,-1,-1
441,216,401.1,235.2,316.2,761.7,1,-1,-1,-1
441,236,1366.6,446.7,63.7,197.9,1,-1,-1,-1
441,245,1095.6,372.0,140.6,371.0,1,-1,-1,-1
441,248,1698.2,381.2,222.8,293.2,1,-1,-1,-1
441,249,808.1,518.3,42.1,73.2,1,-1,-1,-1
441,251,1071.2,639.5,59.9,111.3,1,-1,-1,-1
442,216,389.1,229.3,314.0,768.2,1,-1,-1,-1
442,236,1371.0,447.7,69.5,195.9,1,-1,-1,-1
442,245,1083.3,372.2,160.5,380.1,1,-1,-1,-1
442,248,1701.2,382.1,219.4,293.1,1,-1,-1,-1
443,216,375.0,222.5,313.3,775.1,1,-1,-1,-1
443,236,1375.3,448.1,72.0,191.1,1,-1,-1,-1
443,245,1089.4,370.7,160.8,379.3,1,-1,-1,-1
443,248,1705.8,382.2,214.9,293.7,1,-1,-1,-1
443,252,0.0,271.2,139.4,496.4,1,-1,-1,-1
444,216,358.5,215.3,315.9,781.3,1,-1,-1,-1
444,236,1378.6,448.8,60.8,167.2,1,-1,-1,-1
444,245,1111.1,369.3,149.1,327.3,1,-1,-1,-1
444,248,1708.8,382.1,212.2,293.9,1,-1,-1,-1
444,252,0.0,274.5,136.3,442.9,1,-1,-1,-1
445,216,335.0,206.1,319.5,790.2,1,-1,-1,-1
445,236,1383.0,449.8,69.3,179.7,1,-1,-1,-1
445,245,1123.9,368.1,149.0,359.3,1,-1,-1,-1
445,248,1709.5,379.2,211.4,296.8,1,-1,-1,-1
445,252,0.0,278.9,235.5,573.9,1,-1,-1,-1
446,216,314.8,201.6,324.7,799.2,1,-1,-1,-1
446,236,1378.2,450.1,80.3,190.4,1,-1,-1,-1
446,245,1135.4,367.8,153.2,368.9,1,-1,-1,-1
446,248,1709.3,377.2,211.1,299.0,1,-1,-1,-1
446,252,0.0,281.2,268.7,612.5,1,-1,-1,-1
447,216,297.4,199.7,329.8,812.3,1,-1,-1,-1
447,236,1375.1,450.1,90.6,192.9,1,-1,-1,-1
447,245,1142.7,368.6,151.0,324.2,1,-1,-1,-1
447,248,1709.0,376.7,211.0,299.7,1,-1,-1,-1
447,252,0.0,281.4,280.8,624.0,1,-1,-1,-1
448,216,245.0,199.5,366.3,823.3,1,-1,-1,-1
448,236,1387.8,450.0,80.4,195.1,1,-1,-1,-1
448,245,1151.9,369.0,150.3,305.1,1,-1,-1,-1
448,248,1709.0,380.3,211.0,296.4,1,-1,-1,-1
448,252,5.6,281.9,280.2,626.8,1,-1,-1,-1
449,216,200.9,200.5,399.7,831.5,1,-1,-1,-1
449,236,1397.8,450.0,73.8,196.4,1,-1,-1,-1
449,245,1159.9,369.8,146.6,298.0,1,-1,-1,-1
449,248,1709.0,382.1,211.0,295.4,1,-1,-1,-1
449,252,2.6,280.6,285.0,629.0,1,-1,-1,-1
450,236,1403.9,449.3,69.0,196.8,1,-1,-1,-1
450,245,1169.1,372.9,142.7,343.5,1,-1,-1,-1
450,248,1709.0,383.8,211.0,293.7,1,-1,-1,-1
450,255,962.8,528.3,45.9,74.7,1,-1,-1,-1
451,236,1407.9,449.0,64.8,197.6,1,-1,-1,-1
451,245,1168.5,377.0,151.3,353.0,1,-1,-1,-1
451,248,1709.0,384.2,211.0,292.5,1,-1,-1,-1
451,255,964.8,528.7,45.3,74.2,1,-1,-1,-1
451,257,789.9,518.7,41.4,65.8,1,-1,-1,-1
452,236,1410.8,449.6,61.4,196.5,1,-1,-1,-1
452,245,1161.8,379.1,167.2,353.7,1,-1,-1,-1
452,248,1709.0,384.9,211.0,291.5,1,-1,-1,-1
452,255,966.0,529.0,42.3,74.1,1,-1,-1,-1
452,257,791.3,519.0,41.1,64.6,1,-1,-1,-1
452,258,1169.0,612.7,65.1,127.8,1,-1,-1,-1
453,236,1414.9,451.4,56.9,195.4,1,-1,-1,-1
453,245,1158.0,381.5,174.8,349.0,1,-1,-1,-1
453,257,792.7,518.4,38.2,64.9,1,-1,-1,-1
453,258,1169.1,613.0,73.4,125.1,1,-1,-1,-1
454,236,1419.2,451.4,55.6,195.1,1,-1,-1,-1
454,245,1188.1,383.0,146.2,347.6,1,-1,-1,-1
454,248,1709.0,388.0,211.0,286.9,1,-1,-1,-1
454,258,1169.7,631.3,59.1,106.8,1,-1,-1,-1
454,260,0.0,597.7,40.2,112.1,1,-1,-1,-1
455,236,1424.0,449.0,61.5,197.1,1,-1,-1,-1
455,245,1203.0,383.3,142.6,346.5,1,-1,-1,-1
455,248,1709.0,389.9,211.0,285.6,1,-1,-1,-1
455,258,1178.4,621.6,56.2,118.2,1,-1,-1,-1
455,260,0.0,603.5,35.2,93.8,1,-1,-1,-1
456,236,1426.9,447.2,68.1,198.4,1,-1,-1,-1
456,245,1205.0,382.4,147.8,346.8,1,-1,-1,-1
456,248,1709.0,390.3,211.0,284.5,1,-1,-1,-1
456,258,1190.1,613.3,56.8,117.3,1,-1,-1,-1
456,260,0.0,608.3,32.9,88.3,1,-1,-1,-1
457,236,1430.3,446.7,72.2,198.8,1,-1,-1,-1
457,245,1222.9,380.6,134.6,348.4,1,-1,-1,-1
457,248,1708.3,390.2,211.7,284.1,1,-1,-1,-1
457,258,1202.6,607.4,64.6,115.7,1,-1,-1,-1
457,260,0.0,609.6,34.4,88.1,1,-1,-1,-1
458,236,1434.9,446.8,74.2,199.6,1,-1,-1,-1
458,245,1229.6,379.2,141.9,350.2,1,-1,-1,-1
458,248,1708.0,389.3,211.9,281.9,1,-1,-1,-1
458,260,0.0,609.4,27.8,86.6,1,-1,-1,-1
459,236,1438.6,447.7,75.5,198.5,1,-1,-1,-1
459,245,1238.1,378.1,141.3,289.9,1,-1,-1,-1
459,248,1708.6,389.7,211.3,278.5,1,-1,-1,-1
459,258,1237.4,593.1,54.4,123.6,1,-1,-1,-1
460,236,1443.7,448.0,80.0,198.8,1,-1,-1,-1
460,245,1245.8,377.1,147.4,266.9,1,-1,-1,-1
460,248,1709.7,389.9,210.4,281.6,1,-1,-1,-1
460,262,908.4,435.7,45.3,73.2,1,-1,-1,-1
461,236,1446.9,448.8,77.9,197.6,1,-1,-1,-1
461,245,1250.8,377.6,152.0,255.8,1,-1,-1,-1
461,248,1706.6,390.7,213.6,281.9,1,-1,-1,-1
461,262,909.1,436.0,50.0,74.5,1,-1,-1,-1
461,263,768.8,517.9,42.0,90.3,1,-1,-1,-1
461,264,1283.1,635.5,52.1,92.6,1,-1,-1,-1
462,236,1447.5,449.1,80.8,197.2,1,-1,-1,-1
462,245,1254.6,377.9,157.6,247.5,1,-1,-1,-1
462,248,1700.8,391.1,218.8,258.9,1,-1,-1,-1
462,262,909.8,436.7,52.8,72.0,1,-1,-1,-1
462,263,767.7,517.9,43.4,92.2,1,-1,-1,-1
462,264,1289.2,626.4,59.0,98.5,1,-1,-1,-1
463,236,1452.2,449.1,77.4,197.0,1,-1,-1,-1
463,245,1261.2,380.8,160.0,236.0,1,-1,-1,-1
463,262,910.8,437.8,56.4,73.4,1,-1,-1,-1
463,263,767.0,517.9,44.5,94.9,1,-1,-1,-1
463,264,1290.8,630.1,51.3,97.4,1,-1,-1,-1
464,236,1453.6,448.3,77.8,197.7,1,-1,-1,-1
464,262,919.5,438.1,49.1,71.0,1,-1,-1,-1
464,263,766.9,518.0,42.8,84.5,1,-1,-1,-1
464,264,1290.6,632.0,49.0,98.5,1,-1,-1,-1
465,236,1458.3,448.0,73.0,197.2,1,-1,-1,-1
465,262,925.5,440.2,47.6,67.5,1,-1,-1,-1
465,263,766.9,518.7,40.8,86.2,1,-1,-1,-1
465,264,1290.1,630.9,48.3,98.9,1,-1,-1,-1
466,236,1467.3,447.9,64.6,197.1,1,-1,-1,-1
466,262,930.4,441.1,47.9,67.2,1,-1,-1,-1
466,263,766.3,519.7,40.2,83.3,1,-1,-1,-1
466,264,1291.4,629.4,48.8,99.0,1,-1,-1,-1
466,265,1353.5,639.4,59.9,71.9,1,-1,-1,-1
467,236,1472.9,448.7,64.2,196.3,1,-1,-1,-1
467,263,766.7,519.4,38.0,82.4,1,-1,-1,-1
467,264,1294.1,628.2,53.1,97.6,1,-1,-1,-1
467,265,1359.4,639.4,58.6,72.7,1,-1,-1,-1
468,236,1478.9,449.0,65.5,196.1,1,-1,-1,-1
468,263,766.3,519.8,37.3,71.6,1,-1,-1,-1
468,267,269.5,298.6,215.6,583.0,1,-1,-1,-1
469,236,1485.6,450.5,65.1,194.6,1,-1,-1,-1
469,263,766.7,520.7,34.3,68.4,1,-1,-1,-1
469,267,291.7,297.9,197.7,578.1,1,-1,-1,-1
470,236,1490.6,451.1,66.4,192.8,1,-1,-1,-1
470,263,766.3,528.8,33.4,59.7,1,-1,-1,-1
470,267,305.0,296.5,194.4,578.0,1,-1,-1,-1
471,236,1492.5,450.4,74.5,194.3,1,-1,-1,-1
471,263,766.7,532.4,31.7,66.9,1,-1,-1,-1
471,265,1356.2,622.3,68.7,89.0,1,-1,-1,-1
471,267,313.7,295.9,197.6,578.0,1,-1,-1,-1
472,236,1496.7,450.0,74.9,194.8,1,-1,-1,-1
472,263,766.3,532.8,31.2,70.5,1,-1,-1,-1
472,265,1357.3,613.6,63.3,94.6,1,-1,-1,-1
472,267,321.1,295.9,199.3,578.0,1,-1,-1,-1
472,268,134.5,390.0,84.3,128.8,1,-1,-1,-1
473,236,1499.0,449.9,73.6,194.9,1,-1,-1,-1
473,265,1372.6,612.3,58.2,95.6,1,-1,-1,-1
473,267,332.8,297.4,208.9,576.6,1,-1,-1,-1
473,268,140.3,389.9,86.9,128.9,1,-1,-1,-1
474,236,1502.2,449.3,56.4,134.8,1,-1,-1,-1
474,265,1379.7,614.6,64.4,94.5,1,-1,-1,-1
474,267,342.0,298.8,227.2,575.5,1,-1,-1,-1
474,268,144.6,390.7,89.1,128.3,1,-1,-1,-1
475,265,1381.2,624.4,48.0,86.4,1,-1,-1,-1
475,267,354.1,306.9,248.0,567.4,1,-1,-1,-1
475,268,145.7,391.7,91.1,127.4,1,-1,-1,-1
475,269,0.0,545.4,57.4,163.2,1,-1,-1,-1
476,265,1381.4,627.9,42.4,84.0,1,-1,-1,-1
476,267,364.6,307.7,259.2,567.8,1,-1,-1,-1
476,268,153.8,393.5,83.3,125.0,1,-1,-1,-1
476,269,0.0,540.8,62.7,168.7,1,-1,-1,-1
476,270,1598.5,401.7,139.5,174.4,1,-1,-1,-1
476,271,1757.1,417.0,163.2,217.2,1,-1,-1,-1
476,273,0.0,954.4,49.6,131.1,1,-1,-1,-1
477,236,1515.0,448.0,49.1,94.3,1,-1,-1,-1
477,265,1379.7,627.2,42.1,84.7,1,-1,-1,-1
477,267,373.7,307.4,263.3,567.2,1,-1,-1,-1
477,268,163.7,394.9,76.1,123.6,1,-1,-1,-1
477,269,0.0,536.0,59.4,169.6,1,-1,-1,-1
477,270,1591.3,403.4,144.7,239.9,1,-1,-1,-1
477,271,1757.1,417.7,163.1,216.4,1,-1,-1,-1
477,274,1437.4,618.9,60.4,81.8,1,-1,-1,-1
478,265,1381.0,618.6,39.9,91.9,1,-1,-1,-1
478,267,384.6,307.1,258.2,567.1,1,-1,-1,-1
478,268,181.8,398.7,57.8,88.9,1,-1,-1,-1
478,269,0.0,535.2,52.8,171.3,1,-1,-1,-1
478,270,1542.2,404.8,190.4,258.9,1,-1,-1,-1
478,271,1757.1,418.0,163.0,215.4,1,-1,-1,-1
478,274,1445.2,617.2,61.5,80.5,1,-1,-1,-1
479,265,1382.6,617.4,38.6,90.6,1,-1,-1,-1
479,267,395.2,309.1,249.7,564.2,1,-1,-1,-1
479,268,194.2,403.1,46.7,74.3,1,-1,-1,-1
479,269,0.0,534.2,48.7,173.9,1,-1,-1,-1
479,270,1523.1,405.9,200.6,261.8,1,-1,-1,-1
479,271,1757.0,418.1,163.0,215.8,1,-1,-1,-1
479,274,1449.9,616.8,59.8,81.6,1,-1,-1,-1
480,265,1385.3,616.2,38.9,91.6,1,-1,-1,-1
480,267,401.1,320.6,245.0,550.8,1,-1,-1,-1
480,269,0.0,552.1,47.5,155.8,1,-1,-1,-1
480,270,1525.8,408.3,180.6,221.3,1,-1,-1,-1
480,271,1778.7,419.4,141.3,211.0,1,-1,-1,-1
480,272,1604.6,591.5,67.1,82.6,1,-1,-1,-1
480,274,1455.0,617.5,55.7,82.6,1,-1,-1,-1
480,276,1154.0,348.0,198.0,305.7,1,-1,-1,-1
480,277,1382.6,390.7,141.5,175.6,1,-1,-1,-1
481,236,1535.2,426.7,71.4,128.4,1,-1,-1,-1
481,265,1389.7,617.2,39.7,89.8,1,-1,-1,-1
481,267,403.5,325.6,242.9,544.6,1,-1,-1,-1
481,270,1593.5,410.6,110.2,208.5,1,-1,-1,-1
481,271,1767.2,420.8,156.5,212.4,1,-1,-1,-1
481,274,1460.8,623.6,51.0,76.6,1,-1,-1,-1
481,276,1154.0,348.0,198.0,305.9,1,-1,-1,-1
481,277,1391.0,391.0,140.5,174.5,1,-1,-1,-1
482,265,1394.9,617.9,43.4,87.1,1,-1,-1,-1
482,267,407.1,326.8,238.1,538.6,1,-1,-1,-1
482,270,1623.7,412.0,87.0,202.5,1,-1,-1,-1
482,271,1758.2,421.9,161.0,211.4,1,-1,-1,-1
482,274,1465.5,626.3,46.8,74.8,1,-1,-1,-1
482,276,1154.7,348.0,198.0,305.3,1,-1,-1,-1
483,265,1406.4,616.7,44.5,78.6,1,-1,-1,-1
483,267,418.9,325.1,226.1,536.1,1,-1,-1,-1
483,270,1621.7,413.6,80.0,201.5,1,-1,-1,-1
483,271,1755.8,422.2,162.4,210.4,1,-1,-1,-1
483,272,1556.8,583.3,75.4,89.9,1,-1,-1,-1
483,274,1466.0,625.2,46.2,75.6,1,-1,-1,-1
483,276,1155.0,348.0,197.3,305.1,1,-1,-1,-1
484,267,430.1,323.3,216.2,534.6,1,-1,-1,-1
484,271,1756.2,422.8,162.8,209.4,1,-1,-1,-1
484,276,1155.1,348.0,197.1,305.0,1,-1,-1,-1
484,278,0.0,265.2,204.8,700.8,1,-1,-1,-1
485,267,448.1,321.4,200.0,526.5,1,-1,-1,-1
485,271,1756.8,423.1,162.9,209.8,1,-1,-1,-1
485,274,1446.6,617.0,65.0,82.2,1,-1,-1,-1
485,276,1155.0,348.0,197.0,304.3,1,-1,-1,-1
485,278,0.0,214.5,230.8,737.3,1,-1,-1,-1
486,267,455.4,320.1,198.6,523.3,1,-1,-1,-1
486,271,1757.1,423.1,163.0,206.4,1,-1,-1,-1
486,274,1445.6,613.6,62.2,83.5,1,-1,-1,-1
486,276,1155.0,348.0,197.0,306.2,1,-1,-1,-1
486,278,0.0,216.6,242.2,747.6,1,-1,-1,-1
487,267,457.8,319.1,200.3,523.1,1,-1,-1,-1
487,271,1757.1,423.0,163.0,205.4,1,-1,-1,-1
487,274,1457.5,609.1,69.8,88.7,1,-1,-1,-1
487,276,1155.0,348.0,197.0,306.1,1,-1,-1,-1
487,277,1422.4,388.6,201.0,230.1,1,-1,-1,-1
487,278,0.0,227.5,245.5,750.0,1,-1,-1,-1
488,267,464.0,319.6,199.4,522.3,1,-1,-1,-1
488,271,1757.0,422.3,163.0,205.8,1,-1,-1,-1
488,274,1468.3,608.9,55.9,89.6,1,-1,-1,-1
488,276,1155.0,348.0,197.0,303.9,1,-1,-1,-1
488,278,0.0,231.8,247.3,751.4,1,-1,-1,-1
489,267,472.1,317.8,198.4,524.2,1,-1,-1,-1
489,269,0.0,621.6,42.3,112.5,1,-1,-1,-1
489,271,1757.0,422.0,163.0,205.9,1,-1,-1,-1
489,274,1465.8,615.2,68.6,85.0,1,-1,-1,-1
489,276,1155.0,348.0,197.0,303.3,1,-1,-1,-1
489,278,0.0,231.3,248.5,752.5,1,-1,-1,-1
490,267,485.3,319.1,193.2,522.7,1,-1,-1,-1
490,269,0.0,612.9,33.7,91.9,1,-1,-1,-1
490,271,1757.0,421.9,163.0,206.0,1,-1,-1,-1
490,276,1155.7,348.0,197.0,303.1,1,-1,-1,-1
490,278,0.0,226.8,253.0,762.7,1,-1,-1,-1
491,267,499.3,321.3,186.8,520.8,1,-1,-1,-1
491,271,1792.7,422.0,127.3,206.0,1,-1,-1,-1
491,276,1156.0,348.0,197.0,303.0,1,-1,-1,-1
491,277,1443.5,388.6,186.3,227.2,1,-1,-1,-1
491,278,18.9,222.7,244.6,761.5,1,-1,-1,-1
492,267,509.3,319.4,182.0,523.0,1,-1,-1,-1
492,269,0.0,609.9,33.2,89.2,1,-1,-1,-1
492,271,1810.2,422.0,115.9,206.0,1,-1,-1,-1
492,276,1156.1,348.0,196.3,305.8,1,-1,-1,-1
492,277,1450.4,393.4,177.7,227.1,1,-1,-1,-1
492,278,72.6,221.5,218.3,761.1,1,-1,-1,-1
493,267,518.6,319.5,179.9,522.3,1,-1,-1,-1
493,271,1777.5,422.7,147.5,205.3,1,-1,-1,-1
493,276,1156.7,348.0,195.4,303.1,1,-1,-1,-1
493,278,115.8,222.3,215.3,758.2,1,-1,-1,-1
493,280,1026.5,514.0,42.9,56.9,1,-1,-1,-1
494,267,526.8,320.6,178.6,521.4,1,-1,-1,-1
494,271,1779.4,423.7,136.6,203.7,1,-1,-1,-1
494,276,1157.0,348.0,195.1,302.3,1,-1,-1,-1
494,278,127.1,226.4,248.7,753.9,1,-1,-1,-1
494,280,1024.4,514.0,45.1,57.7,1,-1,-1,-1
495,267,538.9,324.5,183.8,516.9,1,-1,-1,-1
495,271,1800.3,424.1,118.7,201.8,1,-1,-1,-1
495,276,1159.9,348.0,192.2,301.4,1,-1,-1,-1
495,278,125.0,233.8,318.9,746.3,1,-1,-1,-1
495,280,1022.3,514.0,47.8,58.6,1,-1,-1,-1
496,267,548.1,327.7,184.6,514.2,1,-1,-1,-1
496,271,1810.0,424.8,113.3,200.5,1,-1,-1,-1
496,276,1205.9,367.6,146.6,275.2,1,-1,-1,-1
496,278,121.9,240.1,370.1,740.5,1,-1,-1,-1
496,280,1021.0,514.7,48.6,57.5,1,-1,-1,-1
497,267,556.7,330.5,181.4,510.6,1,-1,-1,-1
497,269,0.0,550.0,32.4,126.8,1,-1,-1,-1
497,271,1822.3,425.8,100.5,199.5,1,-1,-1,-1
497,276,1226.5,384.5,133.6,257.6,1,-1,-1,-1
497,278,120.7,246.1,403.6,734.5,1,-1,-1,-1
497,280,1020.1,515.0,49.6,57.1,1,-1,-1,-1
498,267,566.8,332.8,176.2,506.0,1,-1,-1,-1
498,269,0.0,563.5,43.3,122.1,1,-1,-1,-1
498,271,1825.6,426.8,97.3,199.1,1,-1,-1,-1
498,276,1227.1,389.3,131.1,254.4,1,-1,-1,-1
498,278,121.4,252.7,420.7,725.8,1,-1,-1,-1
498,280,1019.2,515.8,50.6,61.2,1,-1,-1,-1
499,267,573.6,332.6,172.6,503.9,1,-1,-1,-1
499,269,0.0,577.1,45.2,124.1,1,-1,-1,-1
499,271,1827.9,427.1,93.6,199.7,1,-1,-1,-1
499,276,1227.2,389.3,130.3,253.4,1,-1,-1,-1
499,278,124.0,254.8,426.5,720.3,1,-1,-1,-1
499,280,1016.8,516.8,53.0,64.6,1,-1,-1,-1
500,267,577.9,331.5,175.0,502.6,1,-1,-1,-1
500,271,1830.5,426.4,90.4,199.9,1,-1,-1,-1
500,276,1227.1,388.4,142.7,253.1,1,-1,-1,-1
500,278,149.7,256.7,403.8,712.4,1,-1,-1,-1
500,280,1002.5,519.9,55.1,74.7,1,-1,-1,-1
501,267,591.3,330.9,168.7,498.7,1,-1,-1,-1
501,269,0.0,604.9,32.5,100.2,1,-1,-1,-1
501,271,1832.0,425.3,88.7,200.7,1,-1,-1,-1
501,276,1259.9,403.4,117.7,236.9,1,-1,-1,-1
501,278,179.5,256.6,378.7,701.6,1,-1,-1,-1
501,280,996.2,521.2,54.3,77.7,1,-1,-1,-1
502,267,600.4,330.9,167.5,493.3,1,-1,-1,-1
502,271,1830.2,424.9,90.3,200.9,1,-1,-1,-1
502,276,1290.8,417.6,98.3,225.1,1,-1,-1,-1
502,278,229.9,255.5,330.6,688.6,1,-1,-1,-1
502,280,996.3,520.6,52.0,79.3,1,-1,-1,-1
502,281,1565.0,607.9,54.4,77.0,1,-1,-1,-1
502,283,1756.6,481.0,66.3,97.0,1,-1,-1,-1
503,267,608.8,330.3,164.4,486.8,1,-1,-1,-1
503,271,1829.0,424.9,90.8,166.7,1,-1,-1,-1
503,276,1301.3,423.2,91.8,220.8,1,-1,-1,-1
503,278,287.1,252.1,277.7,679.1,1,-1,-1,-1
503,280,997.5,520.1,49.9,67.2,1,-1,-1,-1
503,281,1583.2,585.1,59.0,96.6,1,-1,-1,-1
503,283,1756.0,492.9,63.3,84.4,1,-1,-1,-1
504,267,613.9,330.0,166.2,484.8,1,-1,-1,-1
504,271,1828.8,425.0,90.9,156.4,1,-1,-1,-1
504,276,1303.7,423.4,106.6,232.8,1,-1,-1,-1
504,278,334.9,249.4,233.8,677.6,1,-1,-1,-1
504,280,998.0,516.4,48.6,69.2,1,-1,-1,-1
504,281,1595.5,581.8,50.6,92.7,1,-1,-1,-1
504,283,1755.9,498.5,64.5,80.6,1,-1,-1,-1
504,284,1537.9,611.1,36.3,80.4,1,-1,-1,-1
505,267,621.2,330.6,163.3,484.3,1,-1,-1,-1
505,271,1828.9,424.3,91.0,153.3,1,-1,-1,-1
505,278,399.4,247.9,196.8,677.2,1,-1,-1,-1
505,280,999.5,514.8,45.4,78.1,1,-1,-1,-1
505,281,1600.8,603.0,45.3,72.6,1,-1,-1,-1
505,283,1757.3,499.2,64.1,80.2,1,-1,-1,-1
505,284,1540.0,610.5,34.0,79.4,1,-1,-1,-1
505,285,808.5,533.0,34.2,72.5,1,-1,-1,-1
506,267,627.2,331.0,159.6,483.4,1,-1,-1,-1
506,271,1829.0,424.7,91.0,144.0,1,-1,-1,-1
506,276,1316.1,427.4,169.2,231.6,1,-1,-1,-1
506,278,441.2,248.4,185.8,676.4,1,-1,-1,-1
506,280,1000.1,514.6,43.0,82.2,1,-1,-1,-1
506,281,1602.6,614.3,42.3,66.6,1,-1,-1,-1
506,283,1758.1,498.5,64.7,80.1,1,-1,-1,-1
506,284,1540.4,608.0,31.9,78.4,1,-1,-1,-1
506,285,811.4,533.7,36.2,73.6,1,-1,-1,-1
507,276,1326.3,429.9,181.0,230.5,1,-1,-1,-1
507,278,452.1,237.7,297.2,688.7,1,-1,-1,-1
507,280,997.3,514.9,43.7,63.9,1,-1,-1,-1
507,281,1605.3,615.4,38.6,65.5,1,-1,-1,-1
507,284,1542.3,606.9,32.0,78.8,1,-1,-1,-1
507,285,814.4,534.0,36.7,74.6,1,-1,-1,-1
508,276,1339.8,430.4,171.9,232.2,1,-1,-1,-1
508,278,449.2,250.8,351.0,672.8,1,-1,-1,-1
508,280,995.2,519.9,42.5,73.8,1,-1,-1,-1
508,284,1545.9,605.4,36.2,78.9,1,-1,-1,-1
508,285,818.2,534.1,43.9,74.9,1,-1,-1,-1
509,276,1351.4,430.2,159.4,231.4,1,-1,-1,-1
509,278,446.5,263.6,379.0,663.1,1,-1,-1,-1
509,280,991.9,520.1,43.6,76.7,1,-1,-1,-1
509,281,1607.4,613.5,35.4,65.8,1,-1,-1,-1
509,284,1552.2,604.1,37.5,74.8,1,-1,-1,-1
509,285,821.5,534.0,53.8,75.0,1,-1,-1,-1
510,276,1358.1,430.0,145.8,204.5,1,-1,-1,-1
510,278,445.7,272.5,402.1,654.6,1,-1,-1,-1
510,280,990.7,518.0,41.8,77.6,1,-1,-1,-1
510,281,1607.2,606.4,35.1,71.6,1,-1,-1,-1
510,284,1562.3,601.7,37.8,73.5,1,-1,-1,-1
510,285,825.2,534.0,53.2,75.0,1,-1,-1,-1
510,288,27.4,549.3,55.5,154.2,1,-1,-1,-1
511,271,1827.7,427.3,92.4,180.4,1,-1,-1,-1
511,276,1357.1,430.7,137.5,223.1,1,-1,-1,-1
511,278,445.7,277.9,415.3,647.9,1,-1,-1,-1
511,281,1584.6,600.7,56.0,76.1,1,-1,-1,-1
511,283,1759.4,487.1,64.9,78.6,1,-1,-1,-1
511,285,828.5,533.3,55.2,75.7,1,-1,-1,-1
511,286,1554.5,400.3,137.6,166.2,1,-1,-1,-1
511,288,20.7,543.4,59.3,166.0,1,-1,-1,-1
512,271,1826.2,396.6,93.5,222.1,1,-1,-1,-1
512,276,1352.7,431.0,128.8,228.6,1,-1,-1,-1
512,278,448.7,281.1,418.6,642.4,1,-1,-1,-1
512,281,1581.7,602.7,58.1,73.9,1,-1,-1,-1
512,283,1759.0,482.5,65.0,90.1,1,-1,-1,-1
512,285,830.1,533.0,60.0,75.9,1,-1,-1,-1
512,286,1558.1,399.3,137.9,164.7,1,-1,-1,-1
512,288,5.1,540.7,75.2,161.8,1,-1,-1,-1
513,271,1778.9,380.4,140.8,232.5,1,-1,-1,-1
513,276,1344.5,430.4,130.3,208.6,1,-1,-1,-1
513,278,478.1,283.7,392.3,636.5,1,-1,-1,-1
513,281,1594.6,603.2,45.4,74.0,1,-1,-1,-1
513,285,833.8,532.9,54.4,77.4,1,-1,-1,-1
513,286,1562.2,399.6,137.3,163.5,1,-1,-1,-1
513,288,-1.2,531.3,80.7,169.6,1,-1,-1,-1
513,289,137.4,431.0,71.3,87.0,1,-1,-1,-1
514,271,1756.9,377.2,154.9,236.4,1,-1,-1,-1
514,278,515.3,283.0,359.9,631.3,1,-1,-1,-1
514,281,1605.5,603.2,37.4,74.0,1,-1,-1,-1
514,285,836.7,533.0,48.5,78.5,1,-1,-1,-1
514,286,1566.3,400.6,136.4,162.4,1,-1,-1,-1
514,288,-1.5,527.4,82.3,172.0,1,-1,-1,-1
515,271,1752.2,375.7,161.3,242.4,1,-1,-1,-1
515,278,551.0,281.5,334.8,615.7,1,-1,-1,-1
515,281,1607.1,603.7,43.4,74.7,1,-1,-1,-1
515,286,1569.6,402.5,136.1,160.7,1,-1,-1,-1
515,288,-0.5,526.4,84.2,180.4,1,-1,-1,-1
516,271,1756.1,371.4,161.1,249.1,1,-1,-1,-1
516,276,1331.4,430.5,146.9,230.6,1,-1,-1,-1
516,278,574.1,280.2,315.3,604.7,1,-1,-1,-1
516,281,1606.6,604.7,52.2,73.5,1,-1,-1,-1
516,288,0.0,514.7,103.0,187.1,1,-1,-1,-1
516,290,457.1,486.6,51.4,84.2,1,-1,-1,-1
517,271,1758.7,355.0,161.0,264.4,1,-1,-1,-1
517,276,1328.4,431.7,155.4,237.2,1,-1,-1,-1
517,278,578.9,279.1,309.5,602.1,1,-1,-1,-1
517,280,976.7,516.2,34.9,80.0,1,-1,-1,-1
517,288,0.1,509.4,91.1,196.8,1,-1,-1,-1
517,290,453.0,486.9,56.0,85.5,1,-1,-1,-1
517,291,69.7,516.0,63.2,103.3,1,-1,-1,-1
518,271,1755.9,366.9,164.5,249.4,1,-1,-1,-1
518,276,1322.7,409.0,162.8,264.4,1,-1,-1,-1
518,278,574.3,278.1,325.2,602.0,1,-1,-1,-1
518,280,934.7,519.1,72.1,104.5,1,-1,-1,-1
518,288,0.0,505.4,104.3,203.3,1,-1,-1,-1
518,291,70.7,516.0,62.4,103.8,1,-1,-1,-1
519,271,1754.1,375.9,165.6,263.8,1,-1,-1,-1
519,276,1345.7,423.3,139.8,247.3,1,-1,-1,-1
519,278,591.5,277.9,309.0,601.3,1,-1,-1,-1
519,280,921.4,519.5,83.9,111.8,1,-1,-1,-1
519,281,1607.4,603.3,62.6,74.6,1,-1,-1,-1
519,288,0.0,507.2,108.3,202.4,1,-1,-1,-1
519,291,90.0,516.0,43.2,103.9,1,-1,-1,-1
520,271,1748.8,377.6,170.8,295.4,1,-1,-1,-1
520,276,1316.9,409.3,173.6,261.1,1,-1,-1,-1
520,278,580.8,280.7,322.3,598.3,1,-1,-1,-1
520,281,1608.7,600.6,65.0,75.6,1,-1,-1,-1
520,288,-0.0,505.2,79.4,176.2,1,-1,-1,-1
520,291,80.7,539.8,55.7,80.2,1,-1,-1,-1
521,271,1804.7,377.5,114.2,303.5,1,-1,-1,-1
521,276,1302.4,401.9,180.2,263.8,1,-1,-1,-1
521,278,604.4,286.3,304.6,593.2,1,-1,-1,-1
521,281,1613.3,599.0,63.6,75.9,1,-1,-1,-1
521,283,1756.4,473.3,67.8,84.4,1,-1,-1,-1
521,288,-0.0,519.5,61.6,148.8,1,-1,-1,-1
522,271,1832.0,376.4,97.3,307.4,1,-1,-1,-1
522,276,1296.7,402.7,188.4,262.5,1,-1,-1,-1
522,278,586.4,288.5,350.4,591.7,1,-1,-1,-1
522,281,1618.1,598.0,58.3,73.2,1,-1,-1,-1
522,283,1755.9,480.2,69.3,81.3,1,-1,-1,-1
522,288,-0.0,555.9,56.3,102.0,1,-1,-1,-1
522,293,954.8,516.9,58.0,103.0,1,-1,-1,-1
523,271,1783.7,376.0,144.0,309.2,1,-1,-1,-1
523,276,1292.4,402.3,200.0,264.3,1,-1,-1,-1
523,278,655.3,288.5,299.7,590.5,1,-1,-1,-1
523,281,1629.4,569.8,77.7,100.3,1,-1,-1,-1
523,288,0.0,567.2,54.7,97.1,1,-1,-1,-1
523,290,451.5,487.2,60.9,85.8,1,-1,-1,-1
523,294,1180.5,442.5,44.5,62.7,1,-1,-1,-1
524,271,1756.2,378.0,158.0,307.7,1,-1,-1,-1
524,276,1371.8,436.3,137.7,230.5,1,-1,-1,-1
524,278,691.3,297.3,285.9,580.3,1,-1,-1,-1
524,281,1638.1,580.5,67.4,82.6,1,-1,-1,-1
524,290,465.5,487.7,44.9,78.3,1,-1,-1,-1
524,294,1180.0,442.6,44.8,62.9,1,-1,-1,-1
525,271,1749.7,376.9,163.6,310.0,1,-1,-1,-1
525,276,1405.9,452.4,126.0,220.3,1,-1,-1,-1
525,278,698.3,303.5,281.8,573.8,1,-1,-1,-1
525,281,1640.3,558.7,93.0,110.2,1,-1,-1,-1
525,292,1285.1,399.2,116.0,178.9,1,-1,-1,-1
525,294,1177.8,440.8,46.4,63.7,1,-1,-1,-1
