4,1,404.3,173.0,123.2,229.1,1,-1,-1,-1
5,1,414.2,172.9,118.2,231.8,1,-1,-1,-1
5,2,83.2,151.3,162.3,195.9,1,-1,-1,-1
5,3,277.6,189.7,20.3,34.3,1,-1,-1,-1
5,4,233.4,213.0,31.7,73.8,1,-1,-1,-1
6,1,448.7,171.6,87.3,208.9,1,-1,-1,-1
6,2,93.1,154.9,156.5,193.9,1,-1,-1,-1
6,4,233.6,212.9,36.1,66.2,1,-1,-1,-1
7,1,454.9,169.5,89.2,227.2,1,-1,-1,-1
7,2,122.1,154.9,120.4,201.7,1,-1,-1,-1
7,4,235.4,201.8,44.4,64.7,1,-1,-1,-1
8,1,465.3,166.7,79.3,239.6,1,-1,-1,-1
8,2,121.4,154.3,124.3,178.8,1,-1,-1,-1
8,4,246.6,192.3,31.5,50.2,1,-1,-1,-1
9,1,476.7,164.3,73.5,247.6,1,-1,-1,-1
9,2,122.6,153.3,128.3,171.9,1,-1,-1,-1
10,1,484.5,163.0,72.4,170.2,1,-1,-1,-1
10,2,129.4,153.6,118.3,173.4,1,-1,-1,-1
11,1,490.5,162.7,79.8,232.4,1,-1,-1,-1
11,2,153.4,153.2,104.8,172.4,1,-1,-1,-1
12,1,496.8,162.9,96.0,249.6,1,-1,-1,-1
12,2,157.3,148.1,102.8,173.5,1,-1,-1,-1
13,1,501.6,163.7,111.4,252.7,1,-1,-1,-1
13,2,159.3,145.1,93.9,129.1,1,-1,-1,-1
14,1,506.9,164.7,115.3,251.5,1,-1,-1,-1
14,2,161.5,143.8,93.3,115.0,1,-1,-1,-1
14,10,181.9,252.3,21.9,29.8,1,-1,-1,-1
15,1,512.1,165.8,113.0,247.0,1,-1,-1,-1
15,2,186.8,143.7,74.9,89.8,1,-1,-1,-1
15,13,281.9,215.6,31.0,47.0,1,-1,-1,-1
15,15,222.6,254.9,22.0,37.8,1,-1,-1,-1
16,1,515.8,166.8,109.5,233.7,1,-1,-1,-1
16,2,185.7,144.6,87.6,123.5,1,-1,-1,-1
16,13,287.6,213.5,33.8,72.2,1,-1,-1,-1
17,1,519.4,167.1,108.4,235.3,1,-1,-1,-1
17,2,185.8,144.3,92.1,135.8,1,-1,-1,-1
17,13,291.0,212.8,37.4,81.9,1,-1,-1,-1
17,21,246.1,258.6,32.5,81.5,1,-1,-1,-1
18,1,531.7,166.4,89.9,177.7,1,-1,-1,-1
18,2,190.2,148.3,95.5,135.9,1,-1,-1,-1
18,13,294.4,212.8,37.1,65.2,1,-1,-1,-1
18,21,256.4,263.6,23.8,70.7,1,-1,-1,-1
19,1,533.3,165.3,100.5,224.8,1,-1,-1,-1
19,2,187.3,151.6,106.4,136.0,1,-1,-1,-1
19,13,301.0,213.6,35.6,60.1,1,-1,-1,-1
19,21,264.9,297.6,30.9,49.2,1,-1,-1,-1
20,1,535.5,164.9,102.9,240.3,1,-1,-1,-1
20,2,204.1,152.4,98.4,130.4,1,-1,-1,-1
20,13,305.7,215.4,37.3,55.1,1,-1,-1,-1
20,21,274.9,313.5,26.8,37.9,1,-1,-1,-1
21,1,563.6,163.5,76.4,186.2,1,-1,-1,-1
21,2,219.5,152.3,95.3,136.4,1,-1,-1,-1
21,13,308.8,216.8,39.9,55.7,1,-1,-1,-1
22,1,580.6,161.5,64.2,148.3,1,-1,-1,-1
22,2,229.6,152.8,95.1,138.9,1,-1,-1,-1
22,13,309.5,217.9,44.2,76.2,1,-1,-1,-1
22,28,169.6,179.1,26.1,38.2,1,-1,-1,-1
23,1,590.9,160.8,53.6,150.2,1,-1,-1,-1
23,2,233.8,181.0,62.1,112.4,1,-1,-1,-1
23,13,308.6,218.2,49.6,87.3,1,-1,-1,-1
23,28,162.5,177.7,26.0,39.5,1,-1,-1,-1
23,31,219.6,373.3,47.3,55.4,1,-1,-1,-1
24,1,601.9,157.3,41.3,117.9,1,-1,-1,-1
24,2,237.5,190.0,56.4,93.2,1,-1,-1,-1
24,13,312.9,218.1,49.9,92.0,1,-1,-1,-1
24,24,593.7,367.8,37.3,53.3,1,-1,-1,-1
24,28,156.0,178.4,26.7,39.8,1,-1,-1,-1
24,32,0.0,176.0,34.0,116.9,1,-1,-1,-1
24,35,0.0,316.9,9.6,34.2,1,-1,-1,-1
25,1,608.1,154.4,34.8,75.3,1,-1,-1,-1
25,2,242.0,165.1,96.0,121.8,1,-1,-1,-1
25,13,320.0,213.1,50.0,98.3,1,-1,-1,-1
25,28,148.5,179.6,25.5,40.0,1,-1,-1,-1
25,32,0.0,174.5,40.3,118.4,1,-1,-1,-1
26,1,614.8,153.6,27.2,60.4,1,-1,-1,-1
26,2,247.7,181.8,58.9,101.6,1,-1,-1,-1
26,13,328.2,209.4,50.0,96.0,1,-1,-1,-1
26,28,141.3,180.8,25.9,40.0,1,-1,-1,-1
26,32,0.0,173.2,45.0,118.8,1,-1,-1,-1
26,39,104.6,313.0,41.7,63.1,1,-1,-1,-1
27,1,620.3,153.7,21.5,55.2,1,-1,-1,-1
27,2,253.1,192.4,54.1,106.8,1,-1,-1,-1
27,13,312.7,167.1,71.0,135.2,1,-1,-1,-1
27,32,0.0,171.4,49.9,166.5,1,-1,-1,-1
27,39,105.9,300.7,32.1,52.5,1,-1,-1,-1
28,1,621.1,164.4,20.4,79.6,1,-1,-1,-1
28,13,271.8,147.9,113.0,194.6,1,-1,-1,-1
28,28,128.0,187.7,26.7,35.8,1,-1,-1,-1
28,32,0.0,170.1,55.6,187.9,1,-1,-1,-1
28,39,106.1,291.1,27.8,55.0,1,-1,-1,-1
29,13,258.5,145.9,126.3,213.8,1,-1,-1,-1
29,21,330.6,394.5,21.3,41.5,1,-1,-1,-1
29,28,119.4,187.6,26.9,54.8,1,-1,-1,-1
29,32,0.0,169.1,63.6,220.2,1,-1,-1,-1
29,39,101.2,288.6,32.2,59.9,1,-1,-1,-1
30,2,266.4,200.6,61.0,125.8,1,-1,-1,-1
30,21,343.0,400.5,26.7,40.4,1,-1,-1,-1
30,32,0.0,168.1,71.6,231.2,1,-1,-1,-1
31,13,263.0,147.2,140.1,218.1,1,-1,-1,-1
31,32,0.0,168.6,165.0,233.9,1,-1,-1,-1
32,13,273.5,149.6,147.7,223.6,1,-1,-1,-1
32,28,97.1,185.8,29.1,41.0,1,-1,-1,-1
32,32,0.0,170.3,168.5,234.0,1,-1,-1,-1
33,13,279.2,151.0,154.2,228.1,1,-1,-1,-1
33,32,0.0,172.5,163.9,234.7,1,-1,-1,-1
34,13,280.1,153.4,158.3,232.2,1,-1,-1,-1
34,32,5.6,174.6,143.7,230.0,1,-1,-1,-1
34,50,182.0,342.4,23.7,32.8,1,-1,-1,-1
35,13,287.2,155.6,154.6,241.2,1,-1,-1,-1
35,32,14.5,173.9,128.5,232.8,1,-1,-1,-1
35,50,182.0,345.2,23.2,30.8,1,-1,-1,-1
36,2,283.9,193.2,73.6,162.4,1,-1,-1,-1
36,13,333.8,157.0,115.0,230.6,1,-1,-1,-1
36,32,11.5,173.1,135.9,237.8,1,-1,-1,-1
36,50,182.0,346.2,23.1,30.3,1,-1,-1,-1
36,52,334.1,393.7,30.6,42.1,1,-1,-1,-1
37,2,291.2,195.9,69.0,172.6,1,-1,-1,-1
37,13,360.9,157.2,104.5,240.0,1,-1,-1,-1
37,32,7.9,172.2,140.9,241.5,1,-1,-1,-1
37,50,182.0,347.0,23.7,29.4,1,-1,-1,-1
37,52,339.3,390.5,42.8,51.1,1,-1,-1,-1
38,2,300.7,195.7,55.7,165.2,1,-1,-1,-1
38,13,371.4,156.4,99.2,245.6,1,-1,-1,-1
38,32,17.1,172.6,132.6,241.8,1,-1,-1,-1
38,50,182.7,349.9,22.5,26.3,1,-1,-1,-1
39,2,305.4,194.5,52.4,162.3,1,-1,-1,-1
39,13,378.0,155.3,99.1,248.7,1,-1,-1,-1
39,32,30.5,172.9,121.7,242.0,1,-1,-1,-1
39,50,183.0,351.9,21.5,24.7,1,-1,-1,-1
40,2,303.9,193.9,54.9,160.7,1,-1,-1,-1
40,13,385.5,152.8,101.1,286.7,1,-1,-1,-1
40,32,20.6,172.3,133.1,242.7,1,-1,-1,-1
41,2,303.7,193.9,57.8,160.9,1,-1,-1,-1
41,13,392.8,149.7,98.9,300.2,1,-1,-1,-1
41,32,6.6,171.3,147.0,243.6,1,-1,-1,-1
42,2,303.9,193.9,64.9,161.0,1,-1,-1,-1
42,13,401.2,147.3,99.0,305.7,1,-1,-1,-1
42,32,3.8,168.8,154.0,246.0,1,-1,-1,-1
43,2,310.3,194.0,62.9,161.0,1,-1,-1,-1
43,13,408.9,146.6,100.4,258.3,1,-1,-1,-1
43,32,0.6,167.8,164.5,249.5,1,-1,-1,-1
44,2,310.5,194.7,78.4,173.6,1,-1,-1,-1
44,13,415.9,146.8,101.5,256.7,1,-1,-1,-1
44,32,-0.4,176.9,113.8,230.2,1,-1,-1,-1
45,2,313.0,195.0,79.5,177.4,1,-1,-1,-1
45,13,420.7,147.0,106.8,256.2,1,-1,-1,-1
45,32,-0.3,184.1,96.4,221.7,1,-1,-1,-1
46,2,314.1,194.4,79.9,179.2,1,-1,-1,-1
46,13,423.9,147.7,111.1,245.6,1,-1,-1,-1
46,32,-0.1,206.3,85.6,198.8,1,-1,-1,-1
46,54,104.1,170.4,105.1,245.4,1,-1,-1,-1
47,2,327.5,194.0,72.3,179.8,1,-1,-1,-1
47,13,425.9,149.4,116.6,240.3,1,-1,-1,-1
47,32,0.0,188.9,73.3,218.5,1,-1,-1,-1
47,54,111.2,173.2,95.2,242.3,1,-1,-1,-1
48,2,321.8,193.9,88.9,179.9,1,-1,-1,-1
48,13,431.9,151.5,119.0,247.8,1,-1,-1,-1
48,32,0.0,276.4,59.8,125.1,1,-1,-1,-1
48,54,114.4,175.0,96.5,240.7,1,-1,-1,-1
49,2,317.5,193.3,96.0,180.7,1,-1,-1,-1
49,13,441.4,152.9,119.7,253.5,1,-1,-1,-1
49,32,0.0,321.1,43.8,96.3,1,-1,-1,-1
49,54,117.5,176.0,100.3,239.5,1,-1,-1,-1
50,2,318.5,193.0,98.1,180.9,1,-1,-1,-1
50,13,454.0,153.9,115.7,234.3,1,-1,-1,-1
50,32,0.0,327.7,27.9,87.7,1,-1,-1,-1
50,54,123.3,176.2,116.9,244.1,1,-1,-1,-1
51,2,321.1,192.9,98.0,180.3,1,-1,-1,-1
51,13,465.3,153.5,133.4,285.2,1,-1,-1,-1
51,32,-0.0,353.8,23.1,54.3,1,-1,-1,-1
51,54,156.3,176.1,92.5,246.1,1,-1,-1,-1
52,2,325.0,192.3,95.9,180.8,1,-1,-1,-1
52,13,471.3,153.1,136.6,300.5,1,-1,-1,-1
52,32,-0.0,366.8,21.6,36.6,1,-1,-1,-1
52,54,182.8,176.0,73.2,246.7,1,-1,-1,-1
53,2,334.8,191.3,86.2,176.7,1,-1,-1,-1
53,13,475.7,151.5,133.4,306.4,1,-1,-1,-1
53,32,-0.0,370.0,20.5,29.9,1,-1,-1,-1
53,54,179.9,174.6,80.1,248.3,1,-1,-1,-1
54,2,342.2,190.9,83.3,175.5,1,-1,-1,-1
54,13,478.8,148.8,127.5,273.2,1,-1,-1,-1
54,32,0.0,369.9,20.1,27.2,1,-1,-1,-1
54,54,188.7,173.2,73.7,249.5,1,-1,-1,-1
55,2,351.8,190.9,77.5,175.9,1,-1,-1,-1
55,13,479.5,145.7,133.5,241.6,1,-1,-1,-1
55,32,0.0,370.0,20.0,25.6,1,-1,-1,-1
55,54,205.8,171.4,64.1,251.2,1,-1,-1,-1
56,2,361.3,191.7,72.9,175.3,1,-1,-1,-1
56,13,480.0,144.6,138.7,234.9,1,-1,-1,-1
56,32,0.0,353.2,19.3,42.0,1,-1,-1,-1
56,54,211.0,170.8,71.0,251.8,1,-1,-1,-1
57,2,364.9,193.4,73.7,177.9,1,-1,-1,-1
57,13,492.7,144.7,133.3,291.0,1,-1,-1,-1
57,32,-0.0,360.7,17.0,31.5,1,-1,-1,-1
57,54,230.2,172.2,65.4,170.0,1,-1,-1,-1
58,2,366.3,194.1,76.0,178.7,1,-1,-1,-1
58,13,502.1,144.9,135.9,251.8,1,-1,-1,-1
58,54,227.1,173.7,86.1,142.7,1,-1,-1,-1
58,58,214.1,314.8,38.8,103.0,1,-1,-1,-1
59,2,367.8,194.2,78.1,178.9,1,-1,-1,-1
59,13,509.3,145.0,131.8,239.3,1,-1,-1,-1
59,54,249.0,176.3,75.5,131.7,1,-1,-1,-1
59,58,215.8,342.9,41.7,78.5,1,-1,-1,-1
59,66,487.3,305.5,33.8,44.7,1,-1,-1,-1
60,2,368.2,194.1,81.5,179.0,1,-1,-1,-1
60,13,514.6,145.7,127.0,260.1,1,-1,-1,-1
60,54,266.0,179.3,75.2,125.6,1,-1,-1,-1
61,2,373.7,194.0,79.8,179.0,1,-1,-1,-1
61,13,520.0,148.1,121.4,237.6,1,-1,-1,-1
61,54,276.7,181.0,75.0,123.8,1,-1,-1,-1
62,2,377.0,193.3,81.3,180.4,1,-1,-1,-1
62,13,525.9,149.9,115.5,170.7,1,-1,-1,-1
62,54,286.5,182.7,72.9,123.2,1,-1,-1,-1
63,2,377.6,193.7,88.8,180.1,1,-1,-1,-1
63,13,531.2,151.7,110.3,209.4,1,-1,-1,-1
63,54,294.9,183.2,70.9,125.9,1,-1,-1,-1
63,68,540.5,309.8,25.2,40.6,1,-1,-1,-1
64,2,378.0,194.7,98.7,181.4,1,-1,-1,-1
64,13,571.2,174.6,70.2,173.4,1,-1,-1,-1
64,54,303.5,182.5,66.1,131.6,1,-1,-1,-1
65,2,378.1,195.1,112.2,178.3,1,-1,-1,-1
65,13,596.1,186.5,51.2,154.9,1,-1,-1,-1
65,54,312.3,179.9,59.0,138.2,1,-1,-1,-1
65,71,288.8,330.3,83.4,100.2,1,-1,-1,-1
66,2,381.5,195.1,119.8,176.0,1,-1,-1,-1
66,13,606.1,196.7,40.5,113.7,1,-1,-1,-1
66,54,308.1,177.4,67.4,216.5,1,-1,-1,-1
66,73,542.8,206.7,57.5,145.7,1,-1,-1,-1
66,74,584.7,416.7,29.0,42.5,1,-1,-1,-1
67,2,383.9,193.6,124.1,178.1,1,-1,-1,-1
67,13,612.8,216.9,31.1,71.2,1,-1,-1,-1
67,73,542.0,207.8,71.9,143.8,1,-1,-1,-1
68,2,345.2,178.9,166.7,231.2,1,-1,-1,-1
68,13,619.7,224.7,22.6,52.9,1,-1,-1,-1
68,73,542.6,208.8,79.0,142.5,1,-1,-1,-1
69,2,326.5,172.3,164.1,247.2,1,-1,-1,-1
69,73,543.7,209.8,80.4,142.2,1,-1,-1,-1
70,2,324.2,173.0,167.5,250.6,1,-1,-1,-1
70,73,546.9,211.5,78.0,141.3,1,-1,-1,-1
71,2,327.1,176.6,171.4,248.8,1,-1,-1,-1
71,73,554.5,217.1,70.3,136.2,1,-1,-1,-1
