4,1,217.4,90.5,39.7,48.2,1,-1,-1,-1
4,2,75.1,103.6,76.6,208.6,1,-1,-1,-1
4,3,428.3,132.4,34.8,83.2,1,-1,-1,-1
4,4,599.8,186.7,39.9,77.7,1,-1,-1,-1
4,5,368.2,205.3,34.4,59.4,1,-1,-1,-1
4,7,202.7,238.7,37.3,79.3,1,-1,-1,-1
5,1,219.5,89.8,40.6,47.4,1,-1,-1,-1
5,2,63.0,103.9,83.2,213.8,1,-1,-1,-1
5,3,430.2,133.8,27.9,66.3,1,-1,-1,-1
5,4,589.4,188.7,43.5,83.5,1,-1,-1,-1
5,5,372.2,207.2,39.0,99.0,1,-1,-1,-1
5,7,215.5,234.4,37.8,74.2,1,-1,-1,-1
5,9,530.5,130.6,19.1,32.4,1,-1,-1,-1
6,1,223.7,89.8,39.5,47.8,1,-1,-1,-1
6,2,67.2,102.6,71.9,208.3,1,-1,-1,-1
6,3,438.1,145.4,21.0,50.0,1,-1,-1,-1
6,4,578.8,187.1,57.1,87.4,1,-1,-1,-1
6,5,374.8,207.4,41.1,110.2,1,-1,-1,-1
6,7,228.6,226.4,31.6,58.0,1,-1,-1,-1
6,9,528.4,127.1,19.7,35.6,1,-1,-1,-1
6,11,363.0,90.2,38.4,59.1,1,-1,-1,-1
7,1,229.5,91.3,36.3,45.1,1,-1,-1,-1
7,2,67.0,101.3,72.7,206.7,1,-1,-1,-1
7,3,443.6,152.0,19.6,54.9,1,-1,-1,-1
7,4,572.2,185.4,64.7,89.9,1,-1,-1,-1
7,5,377.5,217.0,38.9,103.1,1,-1,-1,-1
7,7,235.4,222.6,31.2,81.8,1,-1,-1,-1
7,9,525.6,125.0,21.3,35.9,1,-1,-1,-1
7,11,367.6,104.6,33.9,43.6,1,-1,-1,-1
8,1,233.0,93.5,36.1,41.5,1,-1,-1,-1
8,2,63.5,100.8,70.1,206.9,1,-1,-1,-1
8,3,435.8,151.1,31.8,59.2,1,-1,-1,-1
8,4,582.1,211.4,42.5,59.2,1,-1,-1,-1
8,5,377.6,222.8,36.2,98.1,1,-1,-1,-1
8,7,237.0,224.3,36.7,84.7,1,-1,-1,-1
8,9,526.1,123.9,19.7,36.0,1,-1,-1,-1
8,11,370.8,113.0,27.7,33.4,1,-1,-1,-1
9,1,240.6,95.6,33.2,37.7,1,-1,-1,-1
9,2,56.2,100.2,67.2,209.1,1,-1,-1,-1
9,3,443.0,147.4,26.3,61.2,1,-1,-1,-1
9,4,587.9,224.0,35.9,50.0,1,-1,-1,-1
9,5,380.0,228.2,33.3,97.3,1,-1,-1,-1
9,7,237.3,227.2,38.3,82.1,1,-1,-1,-1
10,2,49.9,98.5,65.0,213.9,1,-1,-1,-1
10,3,439.3,157.7,33.8,49.8,1,-1,-1,-1
10,4,577.8,198.3,43.7,74.5,1,-1,-1,-1
10,5,383.9,250.0,31.7,76.8,1,-1,-1,-1
10,7,237.2,228.2,38.1,72.9,1,-1,-1,-1
10,16,509.3,270.9,27.5,47.0,1,-1,-1,-1
11,1,250.5,98.7,30.3,33.7,1,-1,-1,-1
11,2,43.3,96.5,60.8,188.1,1,-1,-1,-1
11,4,574.8,210.5,42.5,55.2,1,-1,-1,-1
11,5,389.6,274.8,24.9,53.8,1,-1,-1,-1
11,7,234.2,229.0,38.0,69.5,1,-1,-1,-1
11,16,520.1,271.1,27.2,47.0,1,-1,-1,-1
12,1,254.6,98.6,26.6,32.5,1,-1,-1,-1
12,2,38.4,95.8,58.8,189.4,1,-1,-1,-1
12,4,568.1,193.2,47.7,85.9,1,-1,-1,-1
12,5,397.9,281.4,20.1,43.5,1,-1,-1,-1
12,7,232.2,230.5,38.7,81.7,1,-1,-1,-1
12,11,376.7,121.8,21.6,33.1,1,-1,-1,-1
12,16,528.2,275.9,27.7,41.4,1,-1,-1,-1
12,17,414.6,83.2,34.6,46.4,1,-1,-1,-1
13,1,263.3,96.7,22.0,37.1,1,-1,-1,-1
13,2,32.4,95.1,59.0,215.7,1,-1,-1,-1
13,4,562.7,188.8,49.3,88.8,1,-1,-1,-1
13,7,236.6,245.1,34.0,69.3,1,-1,-1,-1
13,16,535.1,279.6,28.6,34.8,1,-1,-1,-1
13,17,411.4,79.6,38.4,48.2,1,-1,-1,-1
13,19,307.5,167.8,15.1,39.1,1,-1,-1,-1
14,1,266.7,93.8,24.8,39.8,1,-1,-1,-1
14,2,20.5,95.6,64.6,223.6,1,-1,-1,-1
14,4,557.7,188.8,50.5,88.2,1,-1,-1,-1
14,7,245.3,258.7,26.3,56.5,1,-1,-1,-1
14,17,412.6,78.5,39.5,48.8,1,-1,-1,-1
14,19,311.8,172.2,13.6,34.1,1,-1,-1,-1
15,2,4.1,96.7,74.7,226.7,1,-1,-1,-1
15,4,553.5,186.1,50.1,89.5,1,-1,-1,-1
15,7,255.0,273.9,20.5,40.0,1,-1,-1,-1
15,11,380.6,119.6,19.1,34.4,1,-1,-1,-1
15,17,415.9,78.7,37.8,47.5,1,-1,-1,-1
15,19,302.2,170.7,24.4,36.1,1,-1,-1,-1
15,22,594.2,163.3,12.5,42.7,1,-1,-1,-1
16,2,-1.6,98.5,72.1,226.2,1,-1,-1,-1
16,4,549.6,184.2,43.0,86.3,1,-1,-1,-1
16,11,385.0,124.1,16.2,34.1,1,-1,-1,-1
16,17,419.3,79.6,35.1,45.8,1,-1,-1,-1
16,19,299.0,167.2,26.9,38.8,1,-1,-1,-1
16,22,593.1,163.0,19.9,47.1,1,-1,-1,-1
16,23,492.8,220.3,20.3,34.5,1,-1,-1,-1
16,24,431.3,271.3,29.2,44.5,1,-1,-1,-1
17,2,-1.6,100.6,67.8,192.5,1,-1,-1,-1
17,4,551.3,186.5,38.1,79.8,1,-1,-1,-1
17,17,423.2,81.4,32.2,43.8,1,-1,-1,-1
17,19,301.2,165.7,25.6,43.9,1,-1,-1,-1
17,22,592.1,162.9,13.7,38.6,1,-1,-1,-1
17,24,437.2,280.4,27.0,35.0,1,-1,-1,-1
18,1,285.5,92.6,17.9,35.7,1,-1,-1,-1
18,2,-0.5,102.6,64.4,187.9,1,-1,-1,-1
18,4,557.0,199.1,22.6,72.2,1,-1,-1,-1
18,17,420.9,82.2,35.6,42.5,1,-1,-1,-1
18,22,591.2,163.0,10.4,31.9,1,-1,-1,-1
19,1,291.5,95.6,18.7,35.2,1,-1,-1,-1
19,2,0.0,102.6,55.7,171.2,1,-1,-1,-1
19,17,425.5,82.9,31.0,42.2,1,-1,-1,-1
19,28,298.9,264.0,23.5,41.0,1,-1,-1,-1
20,1,294.4,96.4,21.0,35.1,1,-1,-1,-1
20,2,0.1,101.5,49.6,166.2,1,-1,-1,-1
20,17,427.3,83.8,32.4,39.9,1,-1,-1,-1
21,1,298.1,97.0,19.6,33.6,1,-1,-1,-1
21,2,0.0,100.3,42.2,119.1,1,-1,-1,-1
21,17,426.7,85.5,46.1,57.5,1,-1,-1,-1
21,31,22.4,248.8,48.7,72.6,1,-1,-1,-1
21,33,502.0,257.9,45.3,57.5,1,-1,-1,-1
22,1,307.8,104.1,16.4,26.9,1,-1,-1,-1
22,2,0.0,98.5,35.1,88.9,1,-1,-1,-1
22,17,430.3,86.8,39.0,48.0,1,-1,-1,-1
22,31,21.9,261.6,43.3,61.7,1,-1,-1,-1
22,33,507.0,255.3,36.0,56.4,1,-1,-1,-1
23,2,-0.0,99.2,29.4,72.2,1,-1,-1,-1
23,31,17.7,272.5,38.2,51.4,1,-1,-1,-1
23,33,504.4,251.1,43.0,61.0,1,-1,-1,-1
23,35,337.1,154.0,13.5,26.9,1,-1,-1,-1
24,2,-0.0,104.1,23.5,62.3,1,-1,-1,-1
24,17,439.0,88.1,36.9,43.8,1,-1,-1,-1
24,31,11.6,282.5,31.8,42.0,1,-1,-1,-1
24,33,519.1,230.0,29.7,81.3,1,-1,-1,-1
24,35,339.5,153.9,12.5,27.7,1,-1,-1,-1
25,2,-0.0,120.3,19.7,43.9,1,-1,-1,-1
25,17,458.4,87.4,29.3,48.8,1,-1,-1,-1
26,2,0.0,129.9,17.8,45.4,1,-1,-1,-1
26,17,469.2,85.6,17.9,39.2,1,-1,-1,-1
27,17,473.1,84.9,13.8,31.3,1,-1,-1,-1
27,35,346.7,150.5,11.4,27.9,1,-1,-1,-1
28,35,349.8,141.8,11.1,25.9,1,-1,-1,-1
28,36,0.0,175.2,14.1,39.2,1,-1,-1,-1
28,42,296.5,259.5,20.0,43.6,1,-1,-1,-1
28,43,565.0,246.7,26.7,59.7,1,-1,-1,-1
29,1,341.4,107.7,24.5,52.9,1,-1,-1,-1
29,42,306.0,261.8,18.6,41.1,1,-1,-1,-1
29,43,574.7,259.6,20.6,46.6,1,-1,-1,-1
29,44,603.5,171.5,30.2,44.5,1,-1,-1,-1
29,45,348.0,180.0,25.1,38.5,1,-1,-1,-1
30,1,339.8,96.0,36.1,109.0,1,-1,-1,-1
30,46,441.4,241.6,25.2,68.3,1,-1,-1,-1
31,1,339.0,92.5,43.7,138.4,1,-1,-1,-1
31,46,450.7,224.1,27.8,82.8,1,-1,-1,-1
31,47,426.7,161.9,31.7,50.7,1,-1,-1,-1
31,48,506.9,196.4,19.6,44.3,1,-1,-1,-1
32,1,338.8,92.9,41.1,83.5,1,-1,-1,-1
32,17,471.1,83.6,27.2,39.5,1,-1,-1,-1
32,47,428.4,163.7,33.3,50.9,1,-1,-1,-1
33,17,466.9,84.7,32.0,42.7,1,-1,-1,-1
33,47,429.1,164.2,49.9,74.8,1,-1,-1,-1
33,48,498.3,188.0,28.3,65.8,1,-1,-1,-1
33,50,531.5,164.5,107.6,144.2,1,-1,-1,-1
34,1,340.3,95.2,43.8,67.1,1,-1,-1,-1
34,47,429.2,151.6,79.4,97.3,1,-1,-1,-1
34,50,549.3,159.1,89.7,150.4,1,-1,-1,-1
34,54,335.2,145.9,64.0,139.4,1,-1,-1,-1
35,1,344.6,97.5,42.6,62.1,1,-1,-1,-1
35,17,476.6,89.5,19.4,39.4,1,-1,-1,-1
35,46,470.8,185.4,56.7,78.7,1,-1,-1,-1
35,47,429.1,146.2,51.1,79.6,1,-1,-1,-1
35,50,562.6,158.1,80.1,150.8,1,-1,-1,-1
35,54,332.5,159.6,67.5,138.4,1,-1,-1,-1
36,1,347.7,98.3,43.6,59.2,1,-1,-1,-1
36,46,471.6,194.8,50.6,67.7,1,-1,-1,-1
36,47,429.0,145.8,44.0,75.0,1,-1,-1,-1
36,50,569.5,157.8,73.7,150.9,1,-1,-1,-1
36,54,331.0,170.8,63.6,129.0,1,-1,-1,-1
37,1,350.6,98.2,45.3,59.1,1,-1,-1,-1
37,46,483.9,200.7,41.8,70.0,1,-1,-1,-1
37,47,429.0,131.8,44.0,87.6,1,-1,-1,-1
37,50,574.6,157.9,67.6,151.0,1,-1,-1,-1
37,54,329.3,172.2,64.6,128.3,1,-1,-1,-1
38,1,353.5,97.4,47.2,59.0,1,-1,-1,-1
38,46,484.7,202.0,44.7,95.2,1,-1,-1,-1
38,47,429.0,114.2,45.4,103.3,1,-1,-1,-1
38,50,575.8,160.8,65.8,148.2,1,-1,-1,-1
38,54,333.7,188.5,54.4,112.0,1,-1,-1,-1
38,56,323.0,177.3,11.9,34.7,1,-1,-1,-1
39,1,355.8,96.3,45.0,63.2,1,-1,-1,-1
39,46,485.8,202.2,42.1,102.1,1,-1,-1,-1
39,47,433.2,108.1,43.7,107.3,1,-1,-1,-1
39,50,575.5,161.4,65.2,147.4,1,-1,-1,-1
39,54,342.4,195.1,48.5,105.7,1,-1,-1,-1
39,56,323.0,161.6,23.2,50.3,1,-1,-1,-1
40,46,485.4,202.8,42.0,82.4,1,-1,-1,-1
40,47,435.9,107.6,43.2,109.2,1,-1,-1,-1
40,50,575.1,162.0,65.1,146.4,1,-1,-1,-1
40,54,351.3,194.2,43.3,105.2,1,-1,-1,-1
40,56,323.0,153.6,28.0,55.7,1,-1,-1,-1
40,58,391.2,169.4,21.0,34.4,1,-1,-1,-1
41,47,437.1,109.9,40.3,108.4,1,-1,-1,-1
41,50,575.0,162.1,65.0,146.1,1,-1,-1,-1
41,54,356.9,196.7,43.1,100.9,1,-1,-1,-1
41,56,323.0,144.0,30.1,65.7,1,-1,-1,-1
42,1,334.7,92.7,68.1,103.0,1,-1,-1,-1
42,46,487.8,219.3,39.2,81.4,1,-1,-1,-1
42,47,438.0,111.0,39.4,108.1,1,-1,-1,-1
42,50,575.0,162.7,65.0,144.6,1,-1,-1,-1
42,54,365.0,235.8,30.4,61.1,1,-1,-1,-1
43,1,323.2,91.8,77.1,114.9,1,-1,-1,-1
43,46,495.4,237.9,29.3,69.9,1,-1,-1,-1
43,47,438.8,111.9,37.7,118.5,1,-1,-1,-1
43,50,575.0,174.9,65.0,132.3,1,-1,-1,-1
43,54,367.8,254.6,23.8,48.4,1,-1,-1,-1
44,46,501.3,250.4,34.0,60.2,1,-1,-1,-1
44,47,439.1,112.1,35.1,121.0,1,-1,-1,-1
44,50,575.0,178.5,65.0,130.7,1,-1,-1,-1
44,54,368.5,260.4,19.7,41.1,1,-1,-1,-1
44,56,324.4,137.6,36.3,65.2,1,-1,-1,-1
45,47,439.1,112.8,62.3,135.0,1,-1,-1,-1
45,50,576.4,200.5,41.9,103.6,1,-1,-1,-1
45,54,369.0,258.4,17.8,40.3,1,-1,-1,-1
45,56,325.1,142.1,31.2,63.7,1,-1,-1,-1
45,60,504.2,88.0,20.9,32.4,1,-1,-1,-1
46,47,391.4,113.7,119.5,167.9,1,-1,-1,-1
46,50,577.8,184.3,56.0,124.2,1,-1,-1,-1
46,56,325.1,142.8,29.7,54.1,1,-1,-1,-1
46,60,508.1,88.7,20.3,32.8,1,-1,-1,-1
46,63,197.3,104.0,23.6,30.4,1,-1,-1,-1
47,47,380.2,114.8,124.1,165.2,1,-1,-1,-1
47,50,579.6,174.4,58.8,129.0,1,-1,-1,-1
47,54,370.6,255.4,16.5,40.8,1,-1,-1,-1
47,56,333.5,143.1,20.8,50.5,1,-1,-1,-1
47,57,500.4,278.9,18.7,29.2,1,-1,-1,-1
47,60,510.1,89.7,21.5,35.7,1,-1,-1,-1
47,63,196.9,104.0,23.9,31.5,1,-1,-1,-1
47,65,573.0,125.0,17.9,46.6,1,-1,-1,-1
48,47,386.3,114.4,121.9,171.4,1,-1,-1,-1
48,50,566.9,171.7,72.9,131.1,1,-1,-1,-1
48,54,371.1,254.8,18.3,40.2,1,-1,-1,-1
48,56,338.1,143.1,17.4,49.5,1,-1,-1,-1
48,57,499.5,275.8,18.9,31.2,1,-1,-1,-1
48,60,509.0,90.8,25.3,38.0,1,-1,-1,-1
48,63,196.9,104.0,24.0,31.9,1,-1,-1,-1
48,65,572.9,125.0,22.2,77.7,1,-1,-1,-1
48,66,623.8,96.4,17.3,34.1,1,-1,-1,-1
49,47,394.1,114.8,122.0,185.1,1,-1,-1,-1
49,50,564.1,170.7,73.7,133.8,1,-1,-1,-1
49,54,371.8,261.8,18.1,32.4,1,-1,-1,-1
49,56,338.8,143.0,16.4,49.1,1,-1,-1,-1
49,63,199.1,105.4,21.9,33.4,1,-1,-1,-1
49,65,573.0,125.0,24.2,87.0,1,-1,-1,-1
49,66,625.1,96.3,16.4,36.1,1,-1,-1,-1
49,67,381.0,129.0,21.4,31.4,1,-1,-1,-1
50,47,401.7,112.9,116.4,189.2,1,-1,-1,-1
50,50,564.9,170.0,73.9,134.6,1,-1,-1,-1
50,54,374.2,265.9,17.3,27.2,1,-1,-1,-1
50,56,338.4,152.8,16.1,39.2,1,-1,-1,-1
50,63,200.1,106.1,21.3,34.5,1,-1,-1,-1
50,65,573.0,125.7,25.4,89.8,1,-1,-1,-1
50,66,619.7,96.1,21.0,33.2,1,-1,-1,-1
51,47,407.4,149.0,116.8,152.7,1,-1,-1,-1
51,50,584.0,169.9,55.8,134.9,1,-1,-1,-1
51,56,338.1,158.8,15.3,34.9,1,-1,-1,-1
51,65,572.3,126.0,24.4,77.3,1,-1,-1,-1
51,66,621.8,96.0,17.5,31.7,1,-1,-1,-1
52,47,407.5,173.4,102.2,126.3,1,-1,-1,-1
52,50,590.8,169.9,52.4,135.0,1,-1,-1,-1
52,65,569.2,126.1,26.9,70.8,1,-1,-1,-1
52,66,624.4,96.0,15.8,34.0,1,-1,-1,-1
53,50,578.9,142.7,63.3,161.6,1,-1,-1,-1
53,57,501.9,263.5,16.9,31.0,1,-1,-1,-1
53,66,624.6,96.7,15.9,34.0,1,-1,-1,-1
54,47,405.8,207.0,67.8,94.6,1,-1,-1,-1
54,50,574.2,129.8,64.5,169.6,1,-1,-1,-1
54,57,509.0,258.0,13.5,40.1,1,-1,-1,-1
54,66,624.2,101.9,16.0,29.8,1,-1,-1,-1
54,74,566.0,268.1,15.4,31.6,1,-1,-1,-1
55,47,411.9,237.7,41.3,59.2,1,-1,-1,-1
55,50,576.0,128.3,62.7,172.0,1,-1,-1,-1
55,66,624.7,105.0,15.3,27.8,1,-1,-1,-1
55,74,566.0,267.6,15.8,32.6,1,-1,-1,-1
56,50,581.9,157.9,58.0,144.7,1,-1,-1,-1
56,57,514.3,265.2,15.9,30.9,1,-1,-1,-1
56,66,624.3,105.5,15.8,27.3,1,-1,-1,-1
56,74,566.0,269.2,15.9,31.5,1,-1,-1,-1
56,76,453.8,184.0,38.1,88.1,1,-1,-1,-1
57,50,585.1,172.8,55.9,135.8,1,-1,-1,-1
57,74,566.0,270.7,16.0,29.7,1,-1,-1,-1
57,76,454.5,185.5,32.4,87.3,1,-1,-1,-1
57,77,506.0,141.4,23.8,48.7,1,-1,-1,-1
58,50,585.6,172.9,55.3,89.0,1,-1,-1,-1
58,74,566.0,271.9,16.0,28.5,1,-1,-1,-1
58,76,457.7,186.1,27.2,86.4,1,-1,-1,-1
58,77,506.0,139.8,26.7,50.3,1,-1,-1,-1
58,79,526.1,232.4,37.3,65.5,1,-1,-1,-1
58,80,426.1,245.0,29.4,38.5,1,-1,-1,-1
59,50,585.3,170.2,49.5,73.6,1,-1,-1,-1
59,76,457.8,175.6,25.7,95.9,1,-1,-1,-1
59,77,506.0,127.0,28.3,64.1,1,-1,-1,-1
59,79,535.2,215.4,31.5,82.6,1,-1,-1,-1
59,80,427.5,245.8,22.1,32.5,1,-1,-1,-1
60,76,456.6,190.2,25.9,77.8,1,-1,-1,-1
60,77,506.7,121.3,28.8,68.2,1,-1,-1,-1
60,79,546.4,226.2,28.3,70.3,1,-1,-1,-1
60,80,428.8,246.8,19.9,25.9,1,-1,-1,-1
60,82,404.8,164.1,28.2,66.2,1,-1,-1,-1
61,76,458.8,214.2,22.5,54.8,1,-1,-1,-1
61,77,511.2,121.4,25.4,66.0,1,-1,-1,-1
61,80,429.9,247.1,19.3,28.1,1,-1,-1,-1
61,82,402.3,155.3,28.1,64.7,1,-1,-1,-1
62,50,587.0,175.7,50.5,62.7,1,-1,-1,-1
62,80,432.9,249.2,17.0,28.7,1,-1,-1,-1
62,82,400.2,166.1,32.2,52.3,1,-1,-1,-1
63,50,566.4,180.2,73.3,101.4,1,-1,-1,-1
63,77,514.0,122.5,28.6,56.2,1,-1,-1,-1
63,80,435.6,255.7,12.8,28.9,1,-1,-1,-1
64,50,555.6,175.9,80.8,117.2,1,-1,-1,-1
64,77,513.4,123.0,31.7,53.3,1,-1,-1,-1
65,50,554.6,179.5,82.3,114.3,1,-1,-1,-1
65,77,513.7,123.8,32.6,50.3,1,-1,-1,-1
65,82,394.8,174.2,58.7,73.1,1,-1,-1,-1
66,50,557.5,182.5,81.4,109.9,1,-1,-1,-1
66,77,514.7,123.4,32.2,49.4,1,-1,-1,-1
66,82,393.0,171.4,63.8,77.2,1,-1,-1,-1
67,77,515.1,124.4,32.1,47.7,1,-1,-1,-1
67,82,392.0,165.0,63.2,83.4,1,-1,-1,-1
67,84,566.4,212.1,35.5,68.7,1,-1,-1,-1
67,87,626.8,232.6,12.9,37.9,1,-1,-1,-1
68,77,515.1,125.7,31.3,46.5,1,-1,-1,-1
68,82,390.4,161.8,63.1,87.3,1,-1,-1,-1
68,84,569.1,219.2,36.5,71.0,1,-1,-1,-1
68,87,626.9,231.5,13.0,39.4,1,-1,-1,-1
69,77,515.0,126.1,31.1,46.2,1,-1,-1,-1
69,82,389.1,155.8,65.8,95.5,1,-1,-1,-1
69,84,568.1,223.1,39.7,70.3,1,-1,-1,-1
69,87,626.3,223.9,13.7,47.5,1,-1,-1,-1
70,84,574.2,218.1,38.5,76.4,1,-1,-1,-1
70,87,623.2,214.3,16.7,56.3,1,-1,-1,-1
71,84,582.8,219.3,50.0,74.0,1,-1,-1,-1
71,89,193.0,188.4,22.6,63.9,1,-1,-1,-1
72,84,587.9,217.2,51.4,76.8,1,-1,-1,-1
72,89,193.0,186.2,25.7,66.1,1,-1,-1,-1
72,90,495.0,243.0,16.6,30.5,1,-1,-1,-1
73,82,385.3,141.9,77.8,108.4,1,-1,-1,-1
73,84,588.9,215.3,51.8,78.3,1,-1,-1,-1
73,89,193.0,185.0,25.2,67.4,1,-1,-1,-1
73,90,495.0,243.0,16.2,31.5,1,-1,-1,-1
73,91,622.6,107.7,17.3,21.6,1,-1,-1,-1
74,82,384.8,129.5,85.0,129.1,1,-1,-1,-1
74,84,587.8,216.2,52.6,77.4,1,-1,-1,-1
74,89,193.0,179.9,29.3,72.7,1,-1,-1,-1
74,90,495.0,243.7,15.4,34.0,1,-1,-1,-1
74,91,614.9,98.2,24.8,30.3,1,-1,-1,-1
75,82,382.8,104.6,90.6,146.5,1,-1,-1,-1
75,84,582.1,220.4,57.8,72.9,1,-1,-1,-1
75,89,193.7,149.0,31.9,103.0,1,-1,-1,-1
75,90,495.7,244.7,15.8,34.0,1,-1,-1,-1
75,91,605.9,88.0,31.9,37.1,1,-1,-1,-1
76,82,382.6,113.2,90.2,138.5,1,-1,-1,-1
76,84,577.6,222.9,61.4,70.9,1,-1,-1,-1
76,89,194.0,131.8,32.7,115.6,1,-1,-1,-1
76,90,496.0,243.0,18.0,35.4,1,-1,-1,-1
76,91,600.9,86.9,32.7,37.7,1,-1,-1,-1
77,82,382.1,122.8,90.1,133.2,1,-1,-1,-1
77,89,194.1,121.1,33.6,127.1,1,-1,-1,-1
77,90,496.8,242.7,18.0,35.8,1,-1,-1,-1
77,91,609.2,87.4,18.2,29.5,1,-1,-1,-1
77,92,378.4,97.0,31.6,37.8,1,-1,-1,-1
78,82,382.0,126.7,90.0,130.3,1,-1,-1,-1
78,89,194.0,118.4,34.6,131.2,1,-1,-1,-1
78,90,497.1,242.2,19.4,35.9,1,-1,-1,-1
78,91,613.2,92.1,23.7,34.1,1,-1,-1,-1
78,92,375.5,96.9,32.6,37.9,1,-1,-1,-1
79,82,379.2,127.6,92.1,130.1,1,-1,-1,-1
79,89,194.0,116.9,36.3,134.6,1,-1,-1,-1
79,90,497.1,242.6,19.8,35.3,1,-1,-1,-1
79,91,614.5,92.8,25.3,36.8,1,-1,-1,-1
79,92,373.2,96.3,33.6,40.1,1,-1,-1,-1
80,82,373.0,127.4,97.6,137.0,1,-1,-1,-1
80,84,571.1,224.8,43.6,69.6,1,-1,-1,-1
80,89,191.2,99.9,40.3,152.4,1,-1,-1,-1
80,90,497.0,243.0,19.9,28.8,1,-1,-1,-1
80,91,617.2,91.0,23.0,34.8,1,-1,-1,-1
80,92,371.3,95.3,33.9,40.7,1,-1,-1,-1
81,82,371.2,120.8,98.6,147.5,1,-1,-1,-1
81,84,572.7,218.9,38.3,73.4,1,-1,-1,-1
81,89,189.9,92.1,42.2,157.7,1,-1,-1,-1
81,90,498.4,242.4,19.3,26.8,1,-1,-1,-1
81,91,621.0,89.3,19.5,36.4,1,-1,-1,-1
81,92,369.3,94.9,33.3,42.3,1,-1,-1,-1
82,82,366.5,100.9,103.8,166.1,1,-1,-1,-1
82,84,572.5,215.8,56.3,75.2,1,-1,-1,-1
82,89,189.7,91.3,43.5,159.3,1,-1,-1,-1
82,90,501.2,239.2,20.5,32.6,1,-1,-1,-1
82,91,623.8,88.1,17.0,38.9,1,-1,-1,-1
82,93,569.3,138.7,31.0,48.3,1,-1,-1,-1
83,82,363.2,92.6,106.7,170.9,1,-1,-1,-1
83,84,571.4,212.6,42.8,59.7,1,-1,-1,-1
83,89,189.9,92.3,44.5,159.8,1,-1,-1,-1
83,91,625.1,87.8,15.6,39.7,1,-1,-1,-1
83,93,567.5,129.4,35.9,55.1,1,-1,-1,-1
84,82,362.5,106.8,106.9,157.7,1,-1,-1,-1
84,84,567.4,143.0,53.4,140.4,1,-1,-1,-1
84,89,180.2,93.0,56.1,159.9,1,-1,-1,-1
84,90,503.4,238.0,19.4,29.4,1,-1,-1,-1
84,91,625.3,88.6,15.2,38.5,1,-1,-1,-1
84,92,360.4,93.4,38.0,54.7,1,-1,-1,-1
85,82,359.9,99.5,109.1,169.8,1,-1,-1,-1
85,84,565.7,110.1,63.6,162.5,1,-1,-1,-1
85,89,175.6,93.8,59.5,159.3,1,-1,-1,-1
85,90,503.9,239.5,17.0,27.7,1,-1,-1,-1
85,91,625.8,89.7,14.4,37.5,1,-1,-1,-1
86,82,355.3,93.1,111.1,174.1,1,-1,-1,-1
86,84,564.9,106.1,71.6,167.8,1,-1,-1,-1
86,89,175.0,94.1,61.3,159.1,1,-1,-1,-1
86,90,504.1,240.8,17.7,25.8,1,-1,-1,-1
86,91,626.0,99.9,14.1,27.3,1,-1,-1,-1
87,82,351.5,91.2,113.8,175.4,1,-1,-1,-1
87,84,564.8,110.1,74.0,169.3,1,-1,-1,-1
87,89,175.6,94.1,63.2,159.0,1,-1,-1,-1
87,91,626.1,104.5,14.0,24.3,1,-1,-1,-1
88,82,349.8,92.1,112.6,175.1,1,-1,-1,-1
88,84,565.6,113.5,74.0,169.1,1,-1,-1,-1
88,89,175.3,94.0,65.2,159.0,1,-1,-1,-1
88,90,507.6,242.1,17.9,22.4,1,-1,-1,-1
89,82,348.2,92.9,112.2,174.3,1,-1,-1,-1
89,84,568.1,114.4,71.9,138.9,1,-1,-1,-1
89,89,175.0,94.0,66.4,159.0,1,-1,-1,-1
89,90,511.3,242.1,17.3,22.1,1,-1,-1,-1
89,96,562.8,218.1,23.7,45.6,1,-1,-1,-1
90,82,346.4,93.8,104.3,169.2,1,-1,-1,-1
90,84,576.2,114.3,64.3,129.9,1,-1,-1,-1
90,89,175.0,94.7,67.5,157.6,1,-1,-1,-1
90,90,513.1,244.1,17.8,20.6,1,-1,-1,-1
90,96,558.7,224.2,25.3,36.1,1,-1,-1,-1
91,82,333.9,94.1,113.9,171.2,1,-1,-1,-1
91,84,578.1,114.1,63.4,127.2,1,-1,-1,-1
91,89,175.0,95.7,67.2,157.2,1,-1,-1,-1
91,96,563.8,234.2,18.8,25.5,1,-1,-1,-1
91,98,398.0,327.6,16.3,28.7,1,-1,-1,-1
92,82,324.1,94.8,118.9,168.9,1,-1,-1,-1
92,84,579.1,113.3,61.7,127.0,1,-1,-1,-1
92,89,175.0,95.4,68.4,158.5,1,-1,-1,-1
92,96,566.2,238.6,17.5,21.7,1,-1,-1,-1
92,98,398.0,326.9,16.1,28.9,1,-1,-1,-1
93,82,320.2,95.1,121.8,167.6,1,-1,-1,-1
93,84,579.2,112.9,61.2,127.0,1,-1,-1,-1
93,89,175.7,95.8,68.1,158.8,1,-1,-1,-1
93,98,398.0,326.2,16.0,29.7,1,-1,-1,-1
94,82,318.6,95.8,124.0,166.5,1,-1,-1,-1
94,84,579.8,119.2,60.4,120.7,1,-1,-1,-1
94,89,175.3,96.0,70.8,159.0,1,-1,-1,-1
94,98,398.0,326.6,15.3,29.2,1,-1,-1,-1
95,82,320.0,96.1,121.2,166.8,1,-1,-1,-1
95,84,581.4,122.2,58.7,118.8,1,-1,-1,-1
95,89,175.0,95.3,70.3,159.7,1,-1,-1,-1
95,90,518.9,246.5,17.2,20.9,1,-1,-1,-1
95,98,398.0,326.3,15.8,29.1,1,-1,-1,-1
96,82,322.3,96.1,118.3,167.0,1,-1,-1,-1
96,84,583.5,122.6,56.8,118.2,1,-1,-1,-1
96,89,175.0,95.0,70.8,159.9,1,-1,-1,-1
96,90,518.5,245.8,17.8,21.0,1,-1,-1,-1
96,96,567.8,237.9,24.9,31.0,1,-1,-1,-1
96,98,398.0,326.0,15.9,29.0,1,-1,-1,-1
97,82,328.8,110.7,111.1,151.6,1,-1,-1,-1
97,84,587.7,122.3,52.7,118.1,1,-1,-1,-1
97,89,175.0,94.9,70.2,160.0,1,-1,-1,-1
97,90,517.4,240.9,18.6,25.9,1,-1,-1,-1
97,98,398.0,326.0,16.0,28.3,1,-1,-1,-1
98,82,330.8,102.2,109.6,163.1,1,-1,-1,-1
98,84,579.5,122.0,61.3,138.3,1,-1,-1,-1
98,89,175.0,95.7,70.8,159.3,1,-1,-1,-1
98,90,517.6,238.7,17.5,27.4,1,-1,-1,-1
99,82,327.8,95.8,112.0,166.5,1,-1,-1,-1
99,84,574.3,122.7,64.6,144.4,1,-1,-1,-1
99,89,175.0,94.6,70.9,160.5,1,-1,-1,-1
99,90,517.2,241.3,15.7,24.3,1,-1,-1,-1
100,82,323.9,94.1,114.1,168.3,1,-1,-1,-1
100,84,572.4,123.0,66.3,146.2,1,-1,-1,-1
100,89,175.0,94.0,70.3,160.8,1,-1,-1,-1
100,90,517.0,242.9,15.2,24.1,1,-1,-1,-1
101,82,321.2,94.4,116.1,170.2,1,-1,-1,-1
101,84,574.6,123.1,64.7,146.8,1,-1,-1,-1
101,89,175.0,93.9,69.4,161.0,1,-1,-1,-1
101,90,517.0,243.3,15.1,24.0,1,-1,-1,-1
102,82,319.9,94.9,117.4,169.4,1,-1,-1,-1
102,84,586.4,123.7,53.7,146.2,1,-1,-1,-1
102,89,175.7,93.2,68.4,161.7,1,-1,-1,-1
102,90,517.0,243.8,14.3,23.3,1,-1,-1,-1
103,82,317.6,94.3,119.9,169.1,1,-1,-1,-1
103,84,598.0,121.9,44.1,113.2,1,-1,-1,-1
103,89,176.0,93.0,68.8,161.9,1,-1,-1,-1
103,90,512.8,225.9,21.8,41.3,1,-1,-1,-1
103,96,564.7,204.5,16.6,24.0,1,-1,-1,-1
104,82,324.5,105.2,115.8,156.4,1,-1,-1,-1
104,84,610.5,136.4,32.1,87.9,1,-1,-1,-1
104,89,176.1,92.9,68.9,162.0,1,-1,-1,-1
104,90,509.4,223.6,21.2,40.4,1,-1,-1,-1
104,96,566.7,200.0,21.1,44.3,1,-1,-1,-1
104,102,597.7,236.0,19.9,34.0,1,-1,-1,-1
105,82,361.7,112.5,80.9,124.6,1,-1,-1,-1
105,84,615.9,143.5,27.1,80.3,1,-1,-1,-1
105,89,176.0,93.0,69.0,162.0,1,-1,-1,-1
105,96,565.9,185.9,42.7,75.6,1,-1,-1,-1
105,101,315.3,92.9,49.1,144.4,1,-1,-1,-1
106,82,378.1,114.2,68.4,115.1,1,-1,-1,-1
106,84,616.9,166.1,24.9,57.0,1,-1,-1,-1
106,89,175.3,93.0,67.6,162.0,1,-1,-1,-1
106,96,563.7,167.4,51.3,97.6,1,-1,-1,-1
106,101,313.8,92.8,46.9,104.9,1,-1,-1,-1
107,82,379.6,114.4,64.6,111.5,1,-1,-1,-1
107,84,616.5,179.1,24.3,45.8,1,-1,-1,-1
107,89,175.0,93.0,58.1,162.0,1,-1,-1,-1
107,96,562.2,141.5,54.6,123.8,1,-1,-1,-1
107,101,313.6,93.6,47.0,94.5,1,-1,-1,-1
108,82,378.1,114.2,62.8,109.8,1,-1,-1,-1
108,84,617.5,181.3,22.0,42.4,1,-1,-1,-1
108,96,559.7,130.3,44.4,102.9,1,-1,-1,-1
108,101,313.2,94.7,47.0,90.6,1,-1,-1,-1
108,102,601.2,236.2,19.3,34.0,1,-1,-1,-1
108,105,327.0,193.2,28.3,71.3,1,-1,-1,-1
109,82,376.4,114.0,62.2,107.8,1,-1,-1,-1
109,84,618.7,181.6,21.3,39.3,1,-1,-1,-1
109,89,174.9,105.6,47.5,149.4,1,-1,-1,-1
109,96,558.1,129.4,44.8,96.7,1,-1,-1,-1
109,101,313.0,95.8,46.3,85.3,1,-1,-1,-1
109,102,599.9,235.3,21.9,34.7,1,-1,-1,-1
109,105,327.0,206.2,24.6,58.5,1,-1,-1,-1
109,106,217.7,118.7,26.5,83.2,1,-1,-1,-1
110,82,376.5,114.0,62.1,106.5,1,-1,-1,-1
110,84,620.5,184.7,19.7,33.5,1,-1,-1,-1
110,96,555.6,131.0,47.7,94.1,1,-1,-1,-1
110,101,312.3,97.5,46.8,86.5,1,-1,-1,-1
110,102,599.7,232.8,29.0,36.3,1,-1,-1,-1
110,105,327.0,211.1,21.4,54.6,1,-1,-1,-1
110,106,218.7,119.0,24.8,82.4,1,-1,-1,-1
110,108,206.0,92.0,21.5,25.4,1,-1,-1,-1
111,82,376.9,115.4,62.0,104.1,1,-1,-1,-1
111,96,554.1,132.0,44.4,94.0,1,-1,-1,-1
111,101,312.0,97.5,46.2,92.4,1,-1,-1,-1
111,105,326.3,200.7,19.7,64.0,1,-1,-1,-1
111,106,210.0,100.1,32.6,101.0,1,-1,-1,-1
112,82,377.0,116.1,63.4,103.3,1,-1,-1,-1
112,96,552.3,132.2,47.6,94.7,1,-1,-1,-1
112,101,311.2,97.1,44.7,143.9,1,-1,-1,-1
112,106,205.7,91.2,35.7,106.6,1,-1,-1,-1
113,82,377.0,116.1,65.2,103.1,1,-1,-1,-1
113,96,550.4,125.8,55.6,101.2,1,-1,-1,-1
113,101,310.9,97.0,42.1,158.7,1,-1,-1,-1
113,106,205.8,90.8,36.6,107.6,1,-1,-1,-1
114,82,377.7,115.4,63.7,104.4,1,-1,-1,-1
114,96,548.4,122.7,60.1,103.9,1,-1,-1,-1
114,101,310.9,97.7,39.2,160.3,1,-1,-1,-1
114,106,206.6,92.2,36.9,107.2,1,-1,-1,-1
115,82,378.0,115.0,70.2,105.5,1,-1,-1,-1
115,96,545.0,122.4,64.9,105.4,1,-1,-1,-1
115,101,309.6,98.7,39.1,159.4,1,-1,-1,-1
115,106,207.7,97.9,37.0,102.2,1,-1,-1,-1
115,109,458.4,137.8,37.2,60.8,1,-1,-1,-1
116,82,378.8,114.2,70.8,120.6,1,-1,-1,-1
116,96,564.7,122.7,45.4,89.7,1,-1,-1,-1
116,101,308.9,98.4,36.9,159.8,1,-1,-1,-1
116,102,610.9,227.6,25.5,35.4,1,-1,-1,-1
116,106,209.5,101.8,37.0,99.2,1,-1,-1,-1
116,109,454.7,120.0,40.6,63.0,1,-1,-1,-1
117,82,380.5,114.6,68.8,121.6,1,-1,-1,-1
117,96,573.9,123.0,41.6,85.0,1,-1,-1,-1
117,101,308.2,98.1,39.1,158.5,1,-1,-1,-1
117,102,614.4,212.1,26.5,49.8,1,-1,-1,-1
117,106,210.2,101.9,37.7,99.8,1,-1,-1,-1
117,109,457.0,111.3,36.7,62.3,1,-1,-1,-1
117,110,620.8,96.6,19.5,25.7,1,-1,-1,-1
118,82,382.5,112.2,89.9,115.6,1,-1,-1,-1
118,96,575.6,123.7,40.5,82.9,1,-1,-1,-1
118,101,307.2,97.3,40.4,156.8,1,-1,-1,-1
118,106,220.0,111.8,28.1,88.7,1,-1,-1,-1
118,110,622.6,95.2,17.7,25.9,1,-1,-1,-1
119,82,384.6,111.6,72.5,112.4,1,-1,-1,-1
119,96,574.8,130.4,40.1,76.0,1,-1,-1,-1
119,101,306.9,96.2,40.8,155.5,1,-1,-1,-1
119,102,614.7,201.8,22.0,50.6,1,-1,-1,-1
119,106,218.9,103.1,30.8,99.4,1,-1,-1,-1
119,109,461.3,108.6,22.2,59.3,1,-1,-1,-1
119,110,624.6,94.8,15.8,25.3,1,-1,-1,-1
119,111,537.5,182.3,37.3,49.7,1,-1,-1,-1
120,82,385.3,109.7,67.2,122.6,1,-1,-1,-1
120,96,574.1,134.0,48.4,85.8,1,-1,-1,-1
120,101,306.2,95.2,40.9,153.8,1,-1,-1,-1
120,106,218.1,96.0,30.2,104.7,1,-1,-1,-1
120,109,460.9,125.4,24.2,39.5,1,-1,-1,-1
120,110,627.3,95.6,13.1,22.3,1,-1,-1,-1
120,111,536.1,181.3,36.4,49.9,1,-1,-1,-1
121,82,385.2,109.6,65.7,109.6,1,-1,-1,-1
121,96,573.9,135.4,60.7,112.5,1,-1,-1,-1
121,101,305.2,94.2,42.4,153.9,1,-1,-1,-1
121,106,217.9,94.0,30.1,107.0,1,-1,-1,-1
121,109,454.6,120.3,28.2,52.4,1,-1,-1,-1
121,111,530.2,180.9,41.0,49.3,1,-1,-1,-1
122,82,385.8,110.5,62.4,105.0,1,-1,-1,-1
122,96,573.9,135.4,56.0,95.4,1,-1,-1,-1
122,101,303.5,93.2,42.8,150.5,1,-1,-1,-1
122,106,218.6,93.6,30.0,108.4,1,-1,-1,-1
122,109,449.6,113.7,28.8,55.6,1,-1,-1,-1
122,111,531.8,179.5,37.5,49.8,1,-1,-1,-1
123,82,386.0,111.7,82.4,102.9,1,-1,-1,-1
123,96,574.0,135.1,56.0,87.4,1,-1,-1,-1
123,101,301.4,92.9,44.3,148.7,1,-1,-1,-1
123,106,219.0,93.1,30.7,109.5,1,-1,-1,-1
123,111,531.5,178.9,37.2,49.2,1,-1,-1,-1
124,96,574.7,135.0,56.7,85.0,1,-1,-1,-1
124,101,299.4,92.2,45.5,156.6,1,-1,-1,-1
124,106,220.5,92.9,29.5,109.9,1,-1,-1,-1
124,111,530.4,178.9,37.0,49.1,1,-1,-1,-1
125,96,575.0,135.0,59.7,84.3,1,-1,-1,-1
125,101,298.0,138.8,39.6,112.8,1,-1,-1,-1
125,106,221.1,93.0,29.2,110.0,1,-1,-1,-1
125,111,528.5,178.9,37.7,49.0,1,-1,-1,-1
125,114,421.5,209.6,31.6,49.2,1,-1,-1,-1
126,96,575.1,135.0,63.4,95.3,1,-1,-1,-1
126,101,296.4,160.2,39.2,100.3,1,-1,-1,-1
126,106,221.1,93.0,29.0,109.3,1,-1,-1,-1
126,111,527.1,179.7,37.2,49.0,1,-1,-1,-1
126,114,416.4,207.7,34.0,49.1,1,-1,-1,-1
126,115,182.0,113.0,25.0,101.1,1,-1,-1,-1
127,82,385.5,118.4,80.7,128.9,1,-1,-1,-1
127,96,575.7,135.0,63.8,98.6,1,-1,-1,-1
127,101,295.1,164.0,39.7,95.2,1,-1,-1,-1
127,106,221.8,92.3,29.0,109.8,1,-1,-1,-1
127,111,526.1,180.7,36.4,49.0,1,-1,-1,-1
127,115,182.0,113.0,26.4,99.6,1,-1,-1,-1
127,116,301.0,92.0,27.9,50.8,1,-1,-1,-1
128,82,387.8,121.0,76.0,135.3,1,-1,-1,-1
128,96,576.0,135.0,63.9,87.7,1,-1,-1,-1
128,101,294.1,164.0,40.6,91.6,1,-1,-1,-1
128,106,221.3,92.7,29.7,109.2,1,-1,-1,-1
128,111,525.1,181.1,36.1,50.4,1,-1,-1,-1
128,115,182.0,113.0,26.8,101.3,1,-1,-1,-1
128,116,300.2,92.0,28.7,50.2,1,-1,-1,-1
129,82,388.3,122.2,71.1,104.3,1,-1,-1,-1
129,96,578.2,135.0,61.9,84.4,1,-1,-1,-1
129,101,293.2,163.3,41.6,90.5,1,-1,-1,-1
129,106,221.0,92.3,29.9,109.8,1,-1,-1,-1
129,111,524.2,176.9,35.3,55.7,1,-1,-1,-1
129,114,410.6,207.6,29.1,51.1,1,-1,-1,-1
129,115,182.0,113.0,26.9,103.9,1,-1,-1,-1
129,116,299.2,92.0,29.6,50.8,1,-1,-1,-1
130,82,388.9,129.3,67.5,88.0,1,-1,-1,-1
130,96,579.8,139.9,60.6,78.5,1,-1,-1,-1
130,101,290.8,163.7,43.3,89.4,1,-1,-1,-1
130,106,221.7,92.7,28.6,109.2,1,-1,-1,-1
130,111,523.2,157.4,35.1,75.5,1,-1,-1,-1
130,114,410.9,211.0,26.2,49.6,1,-1,-1,-1
130,116,297.5,92.0,30.6,50.9,1,-1,-1,-1
131,82,389.8,133.1,57.4,81.7,1,-1,-1,-1
131,96,583.0,143.6,57.4,75.4,1,-1,-1,-1
131,101,287.0,164.0,47.3,89.1,1,-1,-1,-1
131,106,222.0,93.0,28.2,109.1,1,-1,-1,-1
131,111,521.5,172.6,35.0,57.7,1,-1,-1,-1
131,114,411.0,210.9,24.7,50.6,1,-1,-1,-1
131,116,296.1,92.0,31.6,55.2,1,-1,-1,-1
132,82,390.1,133.0,62.0,80.5,1,-1,-1,-1
132,96,585.0,144.5,55.7,74.4,1,-1,-1,-1
132,101,283.6,164.0,50.6,89.0,1,-1,-1,-1
132,106,220.7,93.0,29.5,109.0,1,-1,-1,-1
132,111,519.4,183.1,35.0,53.0,1,-1,-1,-1
132,114,411.0,210.3,27.0,50.9,1,-1,-1,-1
132,116,295.1,92.7,31.9,51.6,1,-1,-1,-1
133,82,390.8,132.3,62.7,114.5,1,-1,-1,-1
133,96,585.3,144.3,55.2,74.1,1,-1,-1,-1
133,101,281.9,164.7,52.3,88.3,1,-1,-1,-1
133,106,220.0,93.7,29.8,108.3,1,-1,-1,-1
133,111,517.4,184.2,35.0,53.0,1,-1,-1,-1
133,116,294.1,93.0,32.0,51.9,1,-1,-1,-1
134,82,391.8,132.0,62.2,124.6,1,-1,-1,-1
134,96,605.5,144.8,34.8,73.3,1,-1,-1,-1
134,101,282.3,165.7,51.4,87.4,1,-1,-1,-1
134,106,219.9,96.8,29.3,75.2,1,-1,-1,-1
134,111,515.3,182.2,34.3,53.7,1,-1,-1,-1
134,116,291.8,93.8,33.4,55.5,1,-1,-1,-1
135,82,393.5,152.9,48.8,106.7,1,-1,-1,-1
135,96,615.6,145.0,27.9,73.1,1,-1,-1,-1
135,101,281.5,166.1,52.5,87.1,1,-1,-1,-1
135,106,218.5,100.3,29.8,61.8,1,-1,-1,-1
135,111,514.0,180.3,33.4,53.9,1,-1,-1,-1
135,116,290.1,94.1,33.1,53.0,1,-1,-1,-1
136,96,617.7,145.0,25.2,73.0,1,-1,-1,-1
136,101,280.3,166.8,52.9,85.6,1,-1,-1,-1
136,106,227.7,111.9,20.1,45.8,1,-1,-1,-1
136,111,512.4,179.8,33.1,54.0,1,-1,-1,-1
136,114,404.7,208.9,31.9,51.7,1,-1,-1,-1
136,116,287.6,94.1,35.1,53.7,1,-1,-1,-1
136,119,590.5,172.6,15.1,32.4,1,-1,-1,-1
136,120,228.0,166.6,14.4,35.2,1,-1,-1,-1
137,96,618.3,145.7,23.0,72.3,1,-1,-1,-1
137,101,279.2,167.8,53.7,84.5,1,-1,-1,-1
137,111,509.0,179.8,34.4,51.9,1,-1,-1,-1
137,114,398.9,208.2,33.4,52.6,1,-1,-1,-1
137,116,285.4,94.0,35.7,53.2,1,-1,-1,-1
137,120,228.1,169.1,14.1,32.9,1,-1,-1,-1
137,121,417.9,123.0,35.3,78.3,1,-1,-1,-1
137,122,0.0,115.9,46.2,168.0,1,-1,-1,-1
138,96,618.2,146.0,22.3,72.1,1,-1,-1,-1
138,101,277.5,167.4,54.6,84.1,1,-1,-1,-1
138,114,394.5,208.7,35.9,52.2,1,-1,-1,-1
138,115,183.4,113.7,23.5,96.3,1,-1,-1,-1
138,116,282.6,94.7,36.6,55.2,1,-1,-1,-1
138,120,228.0,171.6,14.0,30.2,1,-1,-1,-1
138,121,407.4,128.1,50.5,79.5,1,-1,-1,-1
138,122,0.0,113.4,48.2,175.7,1,-1,-1,-1
139,96,618.0,146.1,22.1,72.0,1,-1,-1,-1
139,101,276.8,169.9,54.2,79.8,1,-1,-1,-1
139,111,505.0,180.0,33.4,48.5,1,-1,-1,-1
139,114,387.0,208.3,27.6,50.0,1,-1,-1,-1
139,115,184.8,115.4,21.7,91.2,1,-1,-1,-1
139,116,280.3,95.0,36.9,55.0,1,-1,-1,-1
139,121,408.9,117.1,47.3,91.0,1,-1,-1,-1
139,122,0.0,112.0,50.2,178.7,1,-1,-1,-1
140,96,618.0,146.0,22.0,72.0,1,-1,-1,-1
140,101,276.8,169.7,59.0,80.7,1,-1,-1,-1
140,111,496.9,180.0,40.1,48.8,1,-1,-1,-1
140,114,378.7,199.6,44.7,59.8,1,-1,-1,-1
140,115,185.2,118.2,21.2,87.6,1,-1,-1,-1
140,116,278.3,95.1,37.0,55.7,1,-1,-1,-1
140,121,395.2,112.4,62.5,94.5,1,-1,-1,-1
140,122,0.0,110.3,50.7,181.0,1,-1,-1,-1
141,96,618.0,146.0,22.0,72.0,1,-1,-1,-1
141,101,276.2,169.2,60.4,80.9,1,-1,-1,-1
141,115,185.1,125.6,21.1,80.2,1,-1,-1,-1
141,116,277.0,94.3,37.0,57.3,1,-1,-1,-1
141,121,378.0,114.7,88.1,128.5,1,-1,-1,-1
141,122,3.5,116.1,46.0,175.4,1,-1,-1,-1
142,96,621.5,146.0,18.5,60.1,1,-1,-1,-1
142,101,276.0,169.7,58.7,80.3,1,-1,-1,-1
142,111,489.3,169.5,42.8,60.9,1,-1,-1,-1
142,115,187.8,149.5,18.2,56.2,1,-1,-1,-1
142,116,276.1,93.3,39.8,61.3,1,-1,-1,-1
142,121,367.3,116.7,91.5,138.6,1,-1,-1,-1
142,122,9.3,113.5,44.6,179.3,1,-1,-1,-1
143,96,619.7,146.0,21.0,68.4,1,-1,-1,-1
143,101,273.8,116.1,56.1,134.0,1,-1,-1,-1
143,115,189.1,160.3,17.4,47.7,1,-1,-1,-1
143,121,363.1,118.7,101.7,140.3,1,-1,-1,-1
143,122,15.0,111.3,45.6,180.5,1,-1,-1,-1
143,125,207.3,91.0,14.6,22.2,1,-1,-1,-1
144,96,618.2,168.4,21.7,48.5,1,-1,-1,-1
144,101,274.3,140.4,53.2,100.4,1,-1,-1,-1
144,114,363.3,149.8,57.5,104.0,1,-1,-1,-1
144,115,189.3,164.2,16.4,42.3,1,-1,-1,-1
144,116,272.9,92.7,42.7,67.4,1,-1,-1,-1
144,121,400.7,119.9,65.5,128.2,1,-1,-1,-1
144,122,16.7,111.4,50.8,180.1,1,-1,-1,-1
144,125,206.3,90.9,14.2,22.1,1,-1,-1,-1
145,96,617.8,179.7,21.2,41.9,1,-1,-1,-1
145,101,273.5,164.3,53.1,86.1,1,-1,-1,-1
145,114,364.3,132.7,53.7,116.6,1,-1,-1,-1
145,116,271.1,92.9,42.9,65.7,1,-1,-1,-1
145,121,410.9,119.5,62.3,125.3,1,-1,-1,-1
145,122,16.5,112.5,63.5,179.3,1,-1,-1,-1
145,125,205.9,91.0,14.1,22.0,1,-1,-1,-1
146,96,617.9,158.8,21.8,61.6,1,-1,-1,-1
146,101,271.6,118.6,61.4,134.3,1,-1,-1,-1
146,114,365.0,121.4,82.6,130.2,1,-1,-1,-1
146,122,16.1,113.7,75.1,178.4,1,-1,-1,-1
146,125,205.2,91.0,14.7,22.0,1,-1,-1,-1
147,96,618.0,170.8,21.2,43.7,1,-1,-1,-1
147,101,272.3,143.4,51.3,99.1,1,-1,-1,-1
147,114,365.1,119.8,97.6,133.6,1,-1,-1,-1
147,116,270.4,93.0,41.6,65.2,1,-1,-1,-1
147,122,16.0,114.1,84.1,177.4,1,-1,-1,-1
147,125,204.9,91.0,14.2,22.0,1,-1,-1,-1
147,127,624.0,146.7,16.0,26.0,1,-1,-1,-1
148,96,618.7,178.5,20.4,39.7,1,-1,-1,-1
148,101,268.0,112.8,50.4,138.9,1,-1,-1,-1
148,114,384.0,120.3,80.4,128.3,1,-1,-1,-1
148,122,16.7,114.8,88.9,175.7,1,-1,-1,-1
148,125,204.2,91.0,14.8,22.0,1,-1,-1,-1
148,127,625.4,147.0,14.6,24.6,1,-1,-1,-1
149,101,264.5,94.5,50.1,150.9,1,-1,-1,-1
149,114,373.9,121.6,94.8,133.0,1,-1,-1,-1
149,122,18.4,115.1,89.7,175.2,1,-1,-1,-1
149,125,203.2,90.3,15.6,22.7,1,-1,-1,-1
150,96,619.2,185.1,20.8,35.0,1,-1,-1,-1
150,101,269.1,144.8,41.6,101.3,1,-1,-1,-1
150,114,366.0,120.7,94.9,135.8,1,-1,-1,-1
150,116,265.4,93.0,44.7,58.1,1,-1,-1,-1
150,122,19.8,114.4,90.6,175.8,1,-1,-1,-1
150,125,202.9,90.7,15.2,22.2,1,-1,-1,-1
150,128,366.0,112.3,31.5,67.5,1,-1,-1,-1
151,96,619.1,185.4,20.2,32.9,1,-1,-1,-1
151,101,271.9,171.0,37.0,87.8,1,-1,-1,-1
151,114,363.2,118.0,95.7,138.7,1,-1,-1,-1
151,116,262.1,92.3,45.6,57.3,1,-1,-1,-1
151,122,20.2,114.7,90.9,174.5,1,-1,-1,-1
151,125,202.9,91.0,15.1,22.1,1,-1,-1,-1
151,128,361.6,111.9,35.4,61.5,1,-1,-1,-1
151,129,487.2,184.6,35.8,50.8,1,-1,-1,-1
152,101,272.5,174.3,32.8,83.7,1,-1,-1,-1
152,114,361.1,116.8,97.3,139.6,1,-1,-1,-1
152,116,260.7,92.0,45.9,57.8,1,-1,-1,-1
152,122,20.8,114.3,90.3,174.9,1,-1,-1,-1
152,125,202.3,90.3,15.0,22.7,1,-1,-1,-1
152,128,366.0,111.2,31.6,55.6,1,-1,-1,-1
152,129,486.1,184.2,35.9,50.9,1,-1,-1,-1
153,114,386.6,118.1,72.6,110.5,1,-1,-1,-1
153,116,260.7,91.9,46.0,127.2,1,-1,-1,-1
153,122,33.7,112.6,78.2,174.3,1,-1,-1,-1
153,125,202.7,90.0,14.3,22.2,1,-1,-1,-1
153,128,365.3,110.9,34.7,53.8,1,-1,-1,-1
153,129,485.8,184.0,35.3,51.7,1,-1,-1,-1
154,101,271.7,172.7,28.0,79.7,1,-1,-1,-1
154,114,399.6,116.9,63.8,103.8,1,-1,-1,-1
154,116,260.9,92.0,46.0,77.4,1,-1,-1,-1
154,122,46.6,111.2,66.9,174.8,1,-1,-1,-1
154,125,202.3,90.6,14.8,21.4,1,-1,-1,-1
154,128,362.2,110.9,35.6,53.2,1,-1,-1,-1
154,129,485.9,184.0,35.1,51.9,1,-1,-1,-1
155,101,271.0,170.9,25.2,77.8,1,-1,-1,-1
155,114,401.5,118.8,60.4,100.5,1,-1,-1,-1
155,122,58.3,110.8,60.7,174.9,1,-1,-1,-1
155,125,202.0,91.0,14.9,21.1,1,-1,-1,-1
155,128,359.4,111.0,37.3,53.1,1,-1,-1,-1
155,129,486.0,184.7,35.0,50.6,1,-1,-1,-1
155,131,361.4,196.6,26.8,60.9,1,-1,-1,-1
156,101,270.9,170.6,23.0,77.2,1,-1,-1,-1
156,116,261.0,92.7,50.9,64.5,1,-1,-1,-1
156,122,69.2,111.6,55.3,174.3,1,-1,-1,-1
156,125,202.0,91.1,15.0,21.0,1,-1,-1,-1
156,129,485.3,185.0,35.7,50.2,1,-1,-1,-1
156,131,362.0,198.4,22.0,58.9,1,-1,-1,-1
157,101,270.9,170.8,22.3,77.1,1,-1,-1,-1
157,114,400.6,118.2,57.3,101.5,1,-1,-1,-1
157,122,75.2,111.3,53.7,174.8,1,-1,-1,-1
157,125,202.7,91.0,12.9,21.0,1,-1,-1,-1
157,128,354.6,111.0,41.3,57.2,1,-1,-1,-1
157,129,485.0,185.8,35.9,50.8,1,-1,-1,-1
157,131,357.9,195.7,23.4,61.1,1,-1,-1,-1
158,101,271.0,171.0,21.4,77.7,1,-1,-1,-1
158,114,399.1,118.5,55.7,101.9,1,-1,-1,-1
158,116,261.0,93.9,45.4,57.2,1,-1,-1,-1
158,122,78.2,111.0,54.6,174.9,1,-1,-1,-1
158,128,355.0,111.7,38.3,52.2,1,-1,-1,-1
158,129,484.9,186.1,36.0,51.6,1,-1,-1,-1
158,131,353.1,192.6,26.6,63.1,1,-1,-1,-1
159,101,270.3,171.0,22.5,77.9,1,-1,-1,-1
159,114,398.8,122.4,55.2,117.4,1,-1,-1,-1
159,116,261.0,94.1,43.7,55.6,1,-1,-1,-1
159,122,81.4,111.0,56.3,175.0,1,-1,-1,-1
159,128,351.6,112.7,40.9,57.6,1,-1,-1,-1
159,129,484.3,186.1,36.0,51.9,1,-1,-1,-1
159,131,349.4,189.6,29.0,65.8,1,-1,-1,-1
160,101,270.0,171.0,22.2,77.3,1,-1,-1,-1
160,114,401.0,122.1,51.6,124.1,1,-1,-1,-1
160,116,261.0,94.1,42.5,54.5,1,-1,-1,-1
160,122,85.2,111.0,63.1,175.0,1,-1,-1,-1
160,128,353.4,113.8,36.8,61.4,1,-1,-1,-1
160,129,484.0,186.7,36.0,52.7,1,-1,-1,-1
160,131,347.1,189.3,31.1,66.0,1,-1,-1,-1
161,101,269.9,171.0,22.7,76.4,1,-1,-1,-1
161,114,402.1,122.0,51.2,107.2,1,-1,-1,-1
161,116,261.7,94.0,40.8,52.7,1,-1,-1,-1
161,122,87.1,111.7,72.8,174.3,1,-1,-1,-1
161,128,354.1,114.1,34.8,63.2,1,-1,-1,-1
161,129,483.2,187.0,36.0,52.2,1,-1,-1,-1
161,131,345.9,189.7,32.4,66.0,1,-1,-1,-1
162,101,270.0,170.3,22.2,76.1,1,-1,-1,-1
162,114,402.2,124.1,49.7,100.1,1,-1,-1,-1
162,116,262.7,94.0,38.1,52.2,1,-1,-1,-1
162,122,87.4,112.7,81.3,173.4,1,-1,-1,-1
162,128,353.5,114.8,34.2,54.7,1,-1,-1,-1
162,129,482.9,186.4,35.3,53.5,1,-1,-1,-1
162,131,345.8,189.3,32.1,66.7,1,-1,-1,-1
163,101,268.6,169.3,22.8,75.3,1,-1,-1,-1
163,114,401.4,125.1,46.4,98.6,1,-1,-1,-1
163,116,263.1,93.3,36.6,51.4,1,-1,-1,-1
163,122,87.2,113.1,87.4,172.4,1,-1,-1,-1
163,128,347.4,115.1,38.3,61.2,1,-1,-1,-1
163,129,482.2,185.3,35.1,53.8,1,-1,-1,-1
163,131,345.9,189.0,32.0,66.9,1,-1,-1,-1
164,101,268.6,168.2,22.2,74.4,1,-1,-1,-1
164,114,400.3,128.7,44.0,91.2,1,-1,-1,-1
164,116,266.6,92.3,31.3,52.5,1,-1,-1,-1
164,122,87.7,113.1,89.2,172.1,1,-1,-1,-1
164,128,344.0,114.4,38.8,61.8,1,-1,-1,-1
164,129,480.5,184.2,35.7,54.0,1,-1,-1,-1
164,131,346.0,189.0,32.0,66.3,1,-1,-1,-1
165,101,268.9,167.2,22.1,74.1,1,-1,-1,-1
165,114,399.2,126.0,44.0,91.1,1,-1,-1,-1
165,116,263.3,91.2,29.0,59.9,1,-1,-1,-1
165,122,88.0,113.0,90.5,172.0,1,-1,-1,-1
165,128,342.7,113.3,39.6,63.3,1,-1,-1,-1
165,129,469.4,183.2,45.0,54.0,1,-1,-1,-1
165,131,345.3,189.0,32.0,66.8,1,-1,-1,-1
166,114,396.8,124.9,46.1,88.2,1,-1,-1,-1
166,122,89.5,113.0,89.4,172.0,1,-1,-1,-1
166,128,342.0,112.2,39.9,65.9,1,-1,-1,-1
166,129,463.0,182.9,47.1,53.3,1,-1,-1,-1
166,131,345.0,190.4,30.6,64.8,1,-1,-1,-1
167,101,263.5,126.8,29.7,113.2,1,-1,-1,-1
167,114,393.7,120.5,47.4,91.6,1,-1,-1,-1
167,122,92.9,111.6,86.3,172.7,1,-1,-1,-1
167,128,346.1,111.9,33.7,54.1,1,-1,-1,-1
167,129,460.4,182.9,47.7,53.8,1,-1,-1,-1
167,131,344.9,191.1,29.5,63.6,1,-1,-1,-1
168,114,390.6,118.0,48.5,110.8,1,-1,-1,-1
168,122,97.1,109.5,82.6,173.6,1,-1,-1,-1
168,128,348.1,110.5,31.1,51.9,1,-1,-1,-1
168,129,460.4,183.0,47.2,53.2,1,-1,-1,-1
168,131,345.0,191.1,29.8,61.8,1,-1,-1,-1
169,101,260.5,102.1,33.4,125.0,1,-1,-1,-1
169,114,388.2,117.5,54.5,117.2,1,-1,-1,-1
169,122,104.1,108.1,75.9,171.1,1,-1,-1,-1
169,128,347.0,109.9,32.4,62.5,1,-1,-1,-1
169,129,461.5,183.0,45.0,53.1,1,-1,-1,-1
169,131,345.0,191.8,27.2,59.8,1,-1,-1,-1
170,101,261.6,144.2,34.5,92.8,1,-1,-1,-1
170,114,385.5,117.1,59.0,119.2,1,-1,-1,-1
170,122,117.1,106.4,64.8,171.7,1,-1,-1,-1
170,128,346.1,109.2,32.8,49.5,1,-1,-1,-1
170,131,344.3,192.7,27.7,58.5,1,-1,-1,-1
171,101,262.1,166.0,34.9,82.4,1,-1,-1,-1
171,114,383.3,126.0,59.0,110.0,1,-1,-1,-1
171,122,124.2,105.8,60.7,172.6,1,-1,-1,-1
171,128,345.2,108.9,33.6,45.7,1,-1,-1,-1
171,129,458.0,183.7,47.1,53.0,1,-1,-1,-1
171,131,342.6,193.8,28.6,58.2,1,-1,-1,-1
172,101,260.7,168.5,37.1,80.0,1,-1,-1,-1
172,114,380.6,130.3,59.7,107.2,1,-1,-1,-1
172,122,131.6,105.1,54.6,172.9,1,-1,-1,-1
172,128,344.2,108.9,34.6,43.8,1,-1,-1,-1
172,129,464.3,184.7,38.6,53.0,1,-1,-1,-1
172,131,341.2,194.1,28.9,57.3,1,-1,-1,-1
173,101,263.5,167.3,34.2,78.6,1,-1,-1,-1
173,114,352.4,131.6,83.7,116.2,1,-1,-1,-1
173,122,140.9,104.2,45.8,174.4,1,-1,-1,-1
173,128,343.2,108.3,35.6,43.9,1,-1,-1,-1
173,129,467.3,185.8,36.1,53.0,1,-1,-1,-1
174,101,265.0,166.2,33.4,78.2,1,-1,-1,-1
174,114,340.3,122.3,89.5,127.2,1,-1,-1,-1
174,122,148.9,105.3,41.7,172.7,1,-1,-1,-1
174,128,342.2,108.0,35.2,44.0,1,-1,-1,-1
174,129,466.2,186.8,36.0,53.0,1,-1,-1,-1
175,101,265.3,164.5,33.1,78.8,1,-1,-1,-1
175,114,341.4,117.0,92.7,131.3,1,-1,-1,-1
175,122,151.8,108.8,43.3,169.4,1,-1,-1,-1
175,129,463.8,187.8,36.0,53.7,1,-1,-1,-1
175,132,271.0,88.3,17.2,20.1,1,-1,-1,-1
176,101,264.4,165.2,33.7,77.5,1,-1,-1,-1
176,114,344.0,116.0,92.9,132.5,1,-1,-1,-1
176,122,151.1,127.0,46.6,151.6,1,-1,-1,-1
176,128,340.3,107.9,26.0,30.7,1,-1,-1,-1
176,129,462.8,188.8,35.3,53.2,1,-1,-1,-1
176,132,271.0,88.0,16.4,19.3,1,-1,-1,-1
177,101,264.0,165.9,33.2,77.2,1,-1,-1,-1
177,114,345.2,117.2,90.9,132.1,1,-1,-1,-1
177,122,152.3,123.9,51.8,157.5,1,-1,-1,-1
177,129,462.1,189.8,35.1,52.4,1,-1,-1,-1
178,101,263.9,166.8,33.1,76.3,1,-1,-1,-1
178,114,345.3,118.0,88.9,132.0,1,-1,-1,-1
178,122,153.0,115.8,50.5,162.7,1,-1,-1,-1
178,128,338.2,108.7,22.5,26.0,1,-1,-1,-1
178,129,461.2,189.4,35.0,52.8,1,-1,-1,-1
179,101,264.7,167.1,31.6,76.1,1,-1,-1,-1
179,114,345.1,117.4,86.9,132.7,1,-1,-1,-1
179,122,153.8,112.4,51.6,164.3,1,-1,-1,-1
179,129,460.2,188.4,35.0,53.6,1,-1,-1,-1
