1,1,385.7,154.4,109.1,205.7,1,-1,-1,-1
1,2,468.0,145.6,79.6,187.0,1,-1,-1,-1
1,3,563.4,144.2,17.2,47.6,1,-1,-1,-1
1,4,546.3,146.3,18.4,45.0,1,-1,-1,-1
2,1,392.2,155.2,107.9,203.5,1,-1,-1,-1
2,2,475.8,143.7,80.1,189.0,1,-1,-1,-1
2,3,561.9,144.7,17.3,47.7,1,-1,-1,-1
2,4,545.4,146.4,18.1,44.2,1,-1,-1,-1
3,1,401.7,153.5,107.5,204.5,1,-1,-1,-1
3,2,493.9,141.6,80.9,192.1,1,-1,-1,-1
3,3,562.1,145.5,17.1,47.1,1,-1,-1,-1
3,5,486.3,146.0,18.8,55.4,1,-1,-1,-1
4,1,419.4,151.9,107.9,208.7,1,-1,-1,-1
4,2,508.1,143.1,82.1,196.0,1,-1,-1,-1
5,1,434.3,150.7,109.4,214.9,1,-1,-1,-1
5,2,519.7,145.1,81.4,194.3,1,-1,-1,-1
6,1,449.0,152.8,106.6,211.6,1,-1,-1,-1
6,2,527.1,145.7,83.8,199.8,1,-1,-1,-1
6,10,522.4,139.7,20.3,54.1,1,-1,-1,-1
6,4,546.1,145.1,15.9,37.9,1,-1,-1,-1
7,1,457.2,154.8,105.2,210.9,1,-1,-1,-1
7,2,535.8,146.6,84.1,201.9,1,-1,-1,-1
7,10,525.4,141.1,17.9,47.8,1,-1,-1,-1
7,4,541.7,144.6,19.0,45.5,1,-1,-1,-1
7,5,491.8,143.7,16.2,47.3,1,-1,-1,-1
8,1,470.7,154.8,104.7,212.5,1,-1,-1,-1
8,2,548.3,146.6,82.8,203.4,1,-1,-1,-1
8,4,543.7,144.1,19.6,46.9,1,-1,-1,-1
9,1,488.2,154.1,101.9,213.4,1,-1,-1,-1
9,2,563.5,144.1,82.0,206.0,1,-1,-1,-1
9,5,494.0,146.2,19.4,56.8,1,-1,-1,-1
10,1,506.6,152.8,100.6,215.9,1,-1,-1,-1
10,2,580.5,144.4,82.7,207.7,1,-1,-1,-1
10,5,495.6,145.1,20.6,60.0,1,-1,-1,-1
11,1,527.1,153.4,101.6,216.4,1,-1,-1,-1
11,2,598.9,146.1,84.8,210.4,1,-1,-1,-1
11,5,496.8,144.2,21.1,61.7,1,-1,-1,-1
11,19,517.6,141.1,19.5,56.2,1,-1,-1,-1
11,21,232.8,142.6,79.5,169.4,1,-1,-1,-1
11,4,542.4,145.1,18.7,44.4,1,-1,-1,-1
12,1,537.3,154.2,101.4,214.5,1,-1,-1,-1
12,2,610.7,146.5,86.1,214.6,1,-1,-1,-1
12,5,498.6,144.4,20.5,59.9,1,-1,-1,-1
12,19,517.2,139.8,19.7,56.7,1,-1,-1,-1
12,21,233.3,140.8,82.6,176.6,1,-1,-1,-1
12,4,541.7,145.7,19.8,47.1,1,-1,-1,-1
13,1,545.2,155.6,100.8,212.6,1,-1,-1,-1
13,2,620.8,146.8,84.9,216.4,1,-1,-1,-1
13,5,500.5,144.3,19.6,56.9,1,-1,-1,-1
13,19,516.0,139.2,20.0,57.9,1,-1,-1,-1
13,21,243.8,139.2,83.2,179.0,1,-1,-1,-1
13,4,541.5,145.8,20.4,49.1,1,-1,-1,-1
14,1,558.0,153.7,99.6,214.7,1,-1,-1,-1
14,2,628.2,145.9,83.2,217.6,1,-1,-1,-1
14,5,501.2,144.6,20.7,60.1,1,-1,-1,-1
14,19,515.8,138.5,20.3,59.2,1,-1,-1,-1
14,21,258.7,142.9,81.6,176.1,1,-1,-1,-1
14,4,541.4,146.6,20.0,48.8,1,-1,-1,-1
14,24,477.8,143.3,17.1,47.8,1,-1,-1,-1
15,1,575.8,151.3,97.5,217.7,1,-1,-1,-1
15,2,641.8,145.0,83.7,222.4,1,-1,-1,-1
15,5,502.7,145.7,20.5,59.1,1,-1,-1,-1
15,19,515.8,141.9,17.6,51.7,1,-1,-1,-1
15,21,267.1,145.3,82.9,178.1,1,-1,-1,-1
15,4,540.9,147.4,19.8,48.5,1,-1,-1,-1
16,1,587.2,150.3,97.4,218.1,1,-1,-1,-1
16,2,655.3,145.0,83.8,224.1,1,-1,-1,-1
16,5,505.1,146.0,21.0,60.5,1,-1,-1,-1
16,19,519.0,142.5,16.4,49.2,1,-1,-1,-1
16,21,284.4,145.0,80.8,175.8,1,-1,-1,-1
16,4,540.6,146.7,20.5,50.5,1,-1,-1,-1
16,28,472.2,144.8,15.5,45.3,1,-1,-1,-1
16,30,248.1,128.7,49.8,201.3,1,-1,-1,-1
17,1,599.1,152.7,98.7,215.4,1,-1,-1,-1
17,2,669.3,146.5,83.6,222.0,1,-1,-1,-1
17,5,506.7,144.1,22.3,64.3,1,-1,-1,-1
17,21,296.3,143.3,80.7,179.2,1,-1,-1,-1
17,4,540.1,146.1,20.9,52.1,1,-1,-1,-1
17,28,469.1,143.7,16.3,47.6,1,-1,-1,-1
17,30,254.4,129.3,49.5,198.6,1,-1,-1,-1
18,1,604.1,154.8,98.1,213.7,1,-1,-1,-1
18,2,681.2,145.8,83.3,222.2,1,-1,-1,-1
18,5,508.9,143.8,22.7,65.7,1,-1,-1,-1
18,21,315.5,140.4,81.3,181.7,1,-1,-1,-1
18,4,540.2,146.2,20.8,52.7,1,-1,-1,-1
18,28,469.4,145.6,16.2,47.0,1,-1,-1,-1
18,30,257.9,129.7,49.9,199.2,1,-1,-1,-1
19,1,619.6,154.4,97.8,214.2,1,-1,-1,-1
19,2,692.0,145.4,82.9,224.5,1,-1,-1,-1
19,5,509.7,142.1,23.4,67.8,1,-1,-1,-1
19,21,330.3,142.9,82.6,181.2,1,-1,-1,-1
19,4,541.5,145.3,21.0,52.5,1,-1,-1,-1
19,28,468.9,146.8,16.1,46.6,1,-1,-1,-1
19,30,261.1,131.8,51.4,202.8,1,-1,-1,-1
19,36,1162.4,150.4,45.8,216.3,1,-1,-1,-1
19,37,572.4,147.5,16.9,49.4,1,-1,-1,-1
20,1,643.4,151.8,97.0,216.5,1,-1,-1,-1
20,2,703.7,143.6,82.0,226.4,1,-1,-1,-1
20,5,511.3,142.1,23.5,67.9,1,-1,-1,-1
20,21,339.0,144.1,83.9,181.0,1,-1,-1,-1
20,4,541.7,143.7,21.7,54.0,1,-1,-1,-1
20,30,276.4,129.8,53.7,209.4,1,-1,-1,-1
20,36,1140.4,148.4,47.3,219.1,1,-1,-1,-1
20,37,572.9,148.1,16.9,49.3,1,-1,-1,-1
20,39,489.2,142.8,12.5,37.4,1,-1,-1,-1
21,1,663.6,149.6,96.3,218.1,1,-1,-1,-1
21,2,720.4,142.7,81.9,227.3,1,-1,-1,-1
21,5,512.1,140.5,24.2,69.8,1,-1,-1,-1
21,21,347.3,144.9,83.9,180.3,1,-1,-1,-1
21,4,541.4,143.5,21.8,54.6,1,-1,-1,-1
21,30,290.6,137.1,44.2,166.7,1,-1,-1,-1
21,36,1102.6,146.2,48.6,220.9,1,-1,-1,-1
21,37,573.8,148.6,16.8,49.1,1,-1,-1,-1
21,39,487.8,142.9,12.9,38.7,1,-1,-1,-1
21,19,517.8,141.8,21.8,66.7,1,-1,-1,-1
22,1,682.0,150.3,96.5,218.2,1,-1,-1,-1
22,2,738.8,143.8,81.7,226.2,1,-1,-1,-1
22,5,512.8,141.6,23.9,69.1,1,-1,-1,-1
22,21,362.0,144.1,81.9,180.8,1,-1,-1,-1
22,4,542.4,144.5,21.3,53.8,1,-1,-1,-1
22,30,295.8,136.7,52.5,195.2,1,-1,-1,-1
22,36,1059.0,148.8,51.3,219.0,1,-1,-1,-1
22,37,574.2,149.2,16.6,48.5,1,-1,-1,-1
22,39,486.0,142.4,13.6,40.8,1,-1,-1,-1
22,19,518.3,142.2,20.8,64.7,1,-1,-1,-1
23,1,695.9,152.0,97.7,215.8,1,-1,-1,-1
23,2,758.5,145.5,82.3,224.5,1,-1,-1,-1
23,21,376.3,142.3,82.3,186.3,1,-1,-1,-1
23,4,543.2,146.1,20.7,52.7,1,-1,-1,-1
23,30,304.5,134.9,55.3,203.0,1,-1,-1,-1
23,36,1022.4,154.0,54.3,214.0,1,-1,-1,-1
23,37,574.5,149.7,16.4,48.0,1,-1,-1,-1
23,39,485.5,143.2,13.6,40.9,1,-1,-1,-1
23,19,517.8,143.0,21.6,67.2,1,-1,-1,-1
24,1,704.9,150.5,100.4,217.5,1,-1,-1,-1
24,2,773.8,145.7,81.4,224.3,1,-1,-1,-1
24,21,394.1,145.5,81.3,183.7,1,-1,-1,-1
24,4,544.0,147.5,19.6,50.4,1,-1,-1,-1
24,30,318.8,132.2,54.1,193.2,1,-1,-1,-1
24,36,990.7,154.9,58.1,212.9,1,-1,-1,-1
24,37,574.6,150.1,16.7,48.9,1,-1,-1,-1
24,39,484.7,143.7,13.3,40.3,1,-1,-1,-1
24,19,520.7,144.7,21.3,66.2,1,-1,-1,-1
24,50,504.7,141.7,14.6,41.8,1,-1,-1,-1
25,1,717.8,148.8,99.8,219.4,1,-1,-1,-1
25,2,788.8,144.5,79.8,224.6,1,-1,-1,-1
25,21,407.1,166.0,75.9,167.3,1,-1,-1,-1
25,4,543.9,146.8,20.0,51.7,1,-1,-1,-1
25,30,330.2,131.8,58.3,204.8,1,-1,-1,-1
25,36,959.5,152.0,60.7,216.1,1,-1,-1,-1
25,37,575.6,149.8,17.0,49.6,1,-1,-1,-1
25,39,484.0,143.7,13.5,40.9,1,-1,-1,-1
25,19,521.9,144.7,21.8,67.5,1,-1,-1,-1
25,50,504.1,140.9,15.1,43.2,1,-1,-1,-1
26,1,738.0,146.5,98.3,222.5,1,-1,-1,-1
26,2,804.9,141.9,80.0,227.9,1,-1,-1,-1
26,21,416.2,152.9,82.5,182.1,1,-1,-1,-1
26,4,543.7,146.7,20.1,52.6,1,-1,-1,-1
26,30,342.5,132.4,62.7,211.4,1,-1,-1,-1
26,36,934.0,151.4,62.6,216.6,1,-1,-1,-1
26,37,576.4,150.5,16.7,48.4,1,-1,-1,-1
26,39,482.8,144.3,13.3,40.3,1,-1,-1,-1
26,19,522.1,142.8,22.8,70.8,1,-1,-1,-1
26,50,504.2,141.2,15.1,43.0,1,-1,-1,-1
27,1,748.0,145.8,97.5,222.2,1,-1,-1,-1
27,2,826.2,142.0,80.3,226.0,1,-1,-1,-1
27,21,432.9,148.2,82.3,186.2,1,-1,-1,-1
27,4,544.1,146.1,20.2,53.6,1,-1,-1,-1
27,30,352.1,132.8,66.6,214.4,1,-1,-1,-1
27,36,904.8,154.5,66.9,214.1,1,-1,-1,-1
27,37,578.6,150.2,17.3,49.6,1,-1,-1,-1
27,39,481.1,144.0,12.0,36.0,1,-1,-1,-1
27,19,523.9,143.4,22.9,70.9,1,-1,-1,-1
27,50,504.5,140.9,15.1,42.6,1,-1,-1,-1
28,1,758.0,147.4,98.6,221.2,1,-1,-1,-1
28,2,837.0,142.7,79.1,226.2,1,-1,-1,-1
28,21,447.2,145.6,81.3,189.0,1,-1,-1,-1
28,4,544.5,147.2,19.7,53.0,1,-1,-1,-1
28,30,360.2,133.8,67.7,212.5,1,-1,-1,-1
28,36,863.3,157.6,68.5,211.8,1,-1,-1,-1
28,37,579.6,149.9,17.9,50.7,1,-1,-1,-1
28,19,525.0,143.9,23.2,71.4,1,-1,-1,-1
28,50,506.3,141.0,15.0,42.1,1,-1,-1,-1
29,1,771.4,150.4,98.9,218.1,1,-1,-1,-1
29,2,863.5,145.4,79.7,223.1,1,-1,-1,-1
29,21,465.9,146.6,82.9,189.5,1,-1,-1,-1
29,4,545.3,146.2,19.9,55.0,1,-1,-1,-1
29,30,371.8,131.7,68.8,216.3,1,-1,-1,-1
29,37,580.8,150.9,17.9,50.1,1,-1,-1,-1
29,19,526.8,144.9,23.3,71.0,1,-1,-1,-1
29,50,505.5,140.5,14.6,40.9,1,-1,-1,-1
29,5,523.3,137.3,25.2,74.6,1,-1,-1,-1
30,1,796.1,150.4,98.2,217.2,1,-1,-1,-1
30,2,885.1,146.7,80.8,222.8,1,-1,-1,-1
30,21,474.7,146.6,85.7,193.6,1,-1,-1,-1
30,4,544.5,146.1,19.5,55.5,1,-1,-1,-1
30,30,379.2,129.0,71.7,226.5,1,-1,-1,-1
30,37,581.5,150.7,18.5,51.2,1,-1,-1,-1
30,19,526.4,142.4,24.5,74.4,1,-1,-1,-1
31,1,827.8,146.1,100.0,222.0,1,-1,-1,-1
31,2,902.4,145.7,81.2,223.2,1,-1,-1,-1
31,21,481.5,151.3,85.1,190.8,1,-1,-1,-1
31,30,393.4,131.3,74.0,227.4,1,-1,-1,-1
31,37,583.6,150.5,18.8,51.9,1,-1,-1,-1
31,39,475.9,143.3,13.5,39.7,1,-1,-1,-1
31,36,787.6,157.7,70.1,209.7,1,-1,-1,-1
32,1,853.0,144.5,101.4,222.7,1,-1,-1,-1
32,2,919.4,142.2,81.5,225.6,1,-1,-1,-1
32,21,494.9,152.7,82.6,190.4,1,-1,-1,-1
32,30,402.3,133.4,77.0,231.1,1,-1,-1,-1
32,37,585.4,150.2,19.3,52.8,1,-1,-1,-1
32,39,474.6,143.6,13.2,38.1,1,-1,-1,-1
32,36,772.2,162.8,71.3,200.4,1,-1,-1,-1
33,1,879.5,146.7,103.8,220.6,1,-1,-1,-1
33,2,940.0,140.2,81.9,228.2,1,-1,-1,-1
33,21,512.7,148.0,84.0,199.5,1,-1,-1,-1
33,30,414.0,134.0,77.5,232.8,1,-1,-1,-1
33,37,586.8,149.6,19.6,54.1,1,-1,-1,-1
33,36,754.8,162.0,74.1,201.0,1,-1,-1,-1
34,1,896.0,148.3,104.7,218.8,1,-1,-1,-1
34,2,962.4,139.1,82.7,230.2,1,-1,-1,-1
34,21,530.9,147.9,84.5,202.2,1,-1,-1,-1
34,30,427.2,132.9,77.6,235.3,1,-1,-1,-1
34,37,587.9,149.8,19.5,53.6,1,-1,-1,-1
34,36,732.5,159.0,71.8,199.0,1,-1,-1,-1
34,19,525.9,138.4,22.6,69.9,1,-1,-1,-1
35,1,917.9,148.3,104.0,218.6,1,-1,-1,-1
35,2,990.0,141.5,81.6,227.1,1,-1,-1,-1
35,21,544.2,151.8,86.2,204.3,1,-1,-1,-1
35,30,444.0,131.8,77.6,235.8,1,-1,-1,-1
35,36,710.4,159.6,73.8,198.1,1,-1,-1,-1
35,19,525.5,136.1,22.5,70.4,1,-1,-1,-1
35,4,541.9,144.5,22.4,64.8,1,-1,-1,-1
36,1,941.3,147.9,103.6,218.6,1,-1,-1,-1
36,2,1013.0,142.5,81.0,225.6,1,-1,-1,-1
36,21,555.0,152.3,87.9,206.9,1,-1,-1,-1
36,30,460.7,131.7,77.9,234.5,1,-1,-1,-1
36,36,689.7,162.8,76.3,190.8,1,-1,-1,-1
36,19,524.4,136.7,21.9,68.4,1,-1,-1,-1
36,4,541.5,144.8,24.5,71.3,1,-1,-1,-1
37,1,965.6,145.5,105.0,221.3,1,-1,-1,-1
37,2,1037.1,142.0,80.3,225.2,1,-1,-1,-1
37,21,572.3,150.2,87.9,209.8,1,-1,-1,-1
37,30,471.8,135.7,78.5,230.4,1,-1,-1,-1
37,36,675.7,164.3,76.5,184.2,1,-1,-1,-1
37,4,543.3,144.7,25.7,74.0,1,-1,-1,-1
38,1,999.8,142.7,109.8,224.2,1,-1,-1,-1
38,2,1062.9,138.0,80.1,228.6,1,-1,-1,-1
38,21,586.0,147.3,87.8,214.5,1,-1,-1,-1
38,30,481.2,135.9,81.2,232.2,1,-1,-1,-1
38,36,650.8,160.9,75.6,188.5,1,-1,-1,-1
38,4,546.6,146.5,25.5,74.9,1,-1,-1,-1
39,1,1030.1,144.9,112.7,222.1,1,-1,-1,-1
39,2,1095.9,136.7,74.7,210.3,1,-1,-1,-1
39,21,604.3,151.6,88.1,213.0,1,-1,-1,-1
39,30,495.3,134.9,81.9,231.9,1,-1,-1,-1
39,36,634.9,159.4,76.5,196.0,1,-1,-1,-1
39,50,510.0,143.0,14.0,36.5,1,-1,-1,-1
39,39,466.8,145.6,13.6,39.2,1,-1,-1,-1
39,37,591.9,148.5,21.4,58.8,1,-1,-1,-1
40,1,1059.9,148.4,114.6,218.6,1,-1,-1,-1
40,21,612.7,151.8,92.0,215.3,1,-1,-1,-1
40,30,515.3,132.6,81.5,234.5,1,-1,-1,-1
40,50,507.6,142.9,14.1,36.2,1,-1,-1,-1
40,39,465.0,146.4,13.9,39.4,1,-1,-1,-1
40,37,593.3,149.1,21.0,58.4,1,-1,-1,-1
40,19,526.6,135.5,18.5,55.8,1,-1,-1,-1
41,1,1088.2,145.1,118.6,221.0,1,-1,-1,-1
41,21,620.3,150.1,93.5,218.0,1,-1,-1,-1
41,30,531.1,133.6,80.5,234.4,1,-1,-1,-1
41,19,525.6,136.2,22.0,66.7,1,-1,-1,-1
41,24,479.1,147.0,13.9,39.3,1,-1,-1,-1
41,36,590.2,163.0,68.1,177.4,1,-1,-1,-1
42,1,1108.0,145.1,116.0,220.9,1,-1,-1,-1
42,21,632.0,145.0,93.2,222.5,1,-1,-1,-1
42,30,552.5,134.8,80.7,233.4,1,-1,-1,-1
42,19,525.3,136.5,23.4,70.6,1,-1,-1,-1
42,24,478.3,146.1,14.1,40.4,1,-1,-1,-1
42,4,551.9,143.9,22.9,64.3,1,-1,-1,-1
42,39,460.7,147.2,14.2,40.2,1,-1,-1,-1
43,1,1126.3,144.7,97.7,220.6,1,-1,-1,-1
43,21,653.8,143.6,92.1,226.2,1,-1,-1,-1
43,30,560.3,136.2,82.2,232.2,1,-1,-1,-1
43,19,526.1,137.4,22.5,68.5,1,-1,-1,-1
43,24,476.0,144.2,14.6,42.3,1,-1,-1,-1
43,4,551.2,145.1,21.8,60.6,1,-1,-1,-1
43,39,458.5,145.9,14.7,41.5,1,-1,-1,-1
44,1,1144.4,175.4,79.6,189.1,1,-1,-1,-1
44,21,675.0,144.3,91.6,225.7,1,-1,-1,-1
44,30,579.0,134.1,81.6,235.8,1,-1,-1,-1
44,19,525.6,136.6,23.5,71.4,1,-1,-1,-1
44,24,474.8,144.4,14.2,41.5,1,-1,-1,-1
44,39,457.8,146.4,14.6,41.0,1,-1,-1,-1
44,36,520.2,158.9,70.0,178.6,1,-1,-1,-1
45,21,692.8,147.1,91.9,222.8,1,-1,-1,-1
45,30,595.6,130.1,81.7,238.5,1,-1,-1,-1
45,24,474.0,143.5,14.2,42.2,1,-1,-1,-1
45,39,455.8,145.4,14.7,41.1,1,-1,-1,-1
45,36,505.2,161.6,72.5,177.2,1,-1,-1,-1
46,21,705.1,147.5,93.9,221.6,1,-1,-1,-1
46,30,616.9,127.7,81.8,239.8,1,-1,-1,-1
46,24,472.7,143.5,13.7,41.5,1,-1,-1,-1
46,39,453.0,145.0,14.8,41.0,1,-1,-1,-1
46,36,493.4,159.3,73.7,178.3,1,-1,-1,-1
46,95,563.8,144.4,28.0,82.8,1,-1,-1,-1
46,37,601.8,148.9,21.7,60.8,1,-1,-1,-1
46,19,526.7,136.2,20.9,63.1,1,-1,-1,-1
47,21,724.7,145.9,94.7,224.1,1,-1,-1,-1
47,30,632.2,126.5,83.0,241.1,1,-1,-1,-1
47,24,470.9,144.6,13.5,40.6,1,-1,-1,-1
47,39,452.0,146.7,14.1,38.1,1,-1,-1,-1
47,36,474.2,158.3,70.8,179.5,1,-1,-1,-1
47,95,567.5,145.9,27.6,81.6,1,-1,-1,-1
47,37,603.8,148.3,22.3,62.1,1,-1,-1,-1
47,19,526.9,136.7,23.2,70.6,1,-1,-1,-1
47,4,554.0,145.8,22.1,62.2,1,-1,-1,-1
48,21,740.8,142.6,94.1,226.4,1,-1,-1,-1
48,30,642.2,129.0,84.2,238.8,1,-1,-1,-1
48,39,451.9,147.6,13.8,36.0,1,-1,-1,-1
48,36,450.7,158.5,72.6,179.5,1,-1,-1,-1
48,95,571.5,147.1,27.4,81.0,1,-1,-1,-1
48,37,605.4,148.2,22.4,62.8,1,-1,-1,-1
48,19,527.7,136.7,24.2,73.6,1,-1,-1,-1
48,4,555.2,146.7,21.8,62.1,1,-1,-1,-1
49,21,754.4,140.6,93.8,228.0,1,-1,-1,-1
49,30,657.4,128.9,87.7,238.9,1,-1,-1,-1
49,36,433.0,157.9,75.7,178.9,1,-1,-1,-1
49,95,572.5,145.9,27.9,82.1,1,-1,-1,-1
49,37,607.2,147.9,22.7,63.4,1,-1,-1,-1
49,19,528.5,136.8,24.5,75.0,1,-1,-1,-1
49,4,556.9,146.6,21.6,63.0,1,-1,-1,-1
50,21,771.1,143.2,95.2,225.7,1,-1,-1,-1
50,30,676.4,126.0,89.5,242.0,1,-1,-1,-1
50,36,413.8,157.3,75.9,177.4,1,-1,-1,-1
50,95,575.9,143.8,29.0,86.0,1,-1,-1,-1
50,37,609.3,148.2,22.5,63.2,1,-1,-1,-1
50,19,528.8,136.0,25.3,77.9,1,-1,-1,-1
50,4,558.6,146.4,22.0,64.9,1,-1,-1,-1
51,21,789.1,144.3,95.4,224.2,1,-1,-1,-1
51,30,702.5,122.4,91.1,246.0,1,-1,-1,-1
51,36,396.2,153.4,74.5,179.4,1,-1,-1,-1
51,95,581.8,143.3,25.7,75.9,1,-1,-1,-1
51,37,610.8,148.4,23.2,64.4,1,-1,-1,-1
51,19,529.2,135.0,25.5,78.9,1,-1,-1,-1
51,4,560.0,146.6,22.1,65.4,1,-1,-1,-1
51,106,494.7,148.6,18.8,40.0,1,-1,-1,-1
51,107,477.5,140.4,16.0,47.6,1,-1,-1,-1
51,24,465.3,144.6,14.4,43.7,1,-1,-1,-1
51,39,446.0,143.0,16.3,42.8,1,-1,-1,-1
52,21,801.7,144.3,96.9,224.6,1,-1,-1,-1
52,30,716.2,121.1,90.6,245.7,1,-1,-1,-1
52,36,376.2,154.9,73.7,177.2,1,-1,-1,-1
52,95,582.5,145.0,28.0,82.3,1,-1,-1,-1
52,37,612.6,148.9,23.0,63.5,1,-1,-1,-1
52,19,529.7,135.4,25.7,79.7,1,-1,-1,-1
52,4,560.8,147.0,22.5,66.6,1,-1,-1,-1
52,106,491.6,148.1,19.2,40.7,1,-1,-1,-1
52,107,476.2,137.5,16.9,50.3,1,-1,-1,-1
52,24,464.8,144.9,13.9,43.1,1,-1,-1,-1
52,39,443.1,144.3,15.4,40.1,1,-1,-1,-1
53,21,825.9,140.7,96.7,227.7,1,-1,-1,-1
53,30,730.4,123.8,91.3,243.4,1,-1,-1,-1
53,36,356.7,157.6,75.6,174.3,1,-1,-1,-1
53,95,583.3,144.6,29.5,86.6,1,-1,-1,-1
53,37,613.9,149.1,23.0,63.6,1,-1,-1,-1
53,19,530.4,135.8,25.8,80.4,1,-1,-1,-1
53,4,561.1,147.7,22.9,67.5,1,-1,-1,-1
53,106,489.6,147.6,19.4,41.2,1,-1,-1,-1
53,107,475.7,139.2,16.3,48.7,1,-1,-1,-1
53,24,465.0,146.1,13.4,42.0,1,-1,-1,-1
53,39,440.4,145.3,15.8,40.3,1,-1,-1,-1
53,109,586.9,145.3,27.7,67.6,1,-1,-1,-1
54,21,857.5,139.4,95.5,229.3,1,-1,-1,-1
54,30,748.4,124.3,92.9,243.0,1,-1,-1,-1
54,36,343.3,159.4,77.6,172.6,1,-1,-1,-1
54,95,587.6,143.5,30.4,89.2,1,-1,-1,-1
54,37,616.4,149.1,22.7,63.2,1,-1,-1,-1
54,19,530.8,135.6,25.9,81.5,1,-1,-1,-1
54,4,561.1,147.7,23.3,67.9,1,-1,-1,-1
54,107,476.3,143.5,14.9,44.5,1,-1,-1,-1
54,24,462.7,146.5,13.3,42.0,1,-1,-1,-1
54,39,434.6,142.4,18.2,44.8,1,-1,-1,-1
54,109,591.6,144.4,28.9,70.6,1,-1,-1,-1
55,21,879.0,141.3,94.8,227.1,1,-1,-1,-1
55,30,773.6,121.4,94.3,246.0,1,-1,-1,-1
55,36,326.9,154.0,78.4,177.3,1,-1,-1,-1
55,95,589.0,143.2,31.0,91.0,1,-1,-1,-1
55,37,617.2,149.1,22.9,64.2,1,-1,-1,-1
55,19,531.5,135.1,26.1,82.5,1,-1,-1,-1
55,4,561.7,147.1,23.7,68.6,1,-1,-1,-1
55,107,477.7,145.1,14.7,43.5,1,-1,-1,-1
55,24,461.2,146.3,13.4,42.6,1,-1,-1,-1
55,39,434.4,142.8,17.8,44.3,1,-1,-1,-1
55,109,591.7,143.0,31.7,78.2,1,-1,-1,-1
56,21,909.9,144.5,98.9,223.4,1,-1,-1,-1
56,30,800.9,116.8,95.4,250.4,1,-1,-1,-1
56,36,307.4,150.4,77.7,181.4,1,-1,-1,-1
56,95,592.3,143.4,31.2,91.6,1,-1,-1,-1
56,37,619.0,149.1,23.1,65.6,1,-1,-1,-1
56,19,533.2,135.0,26.1,82.8,1,-1,-1,-1
56,4,562.8,147.0,24.1,69.3,1,-1,-1,-1
56,24,459.3,146.0,13.3,42.5,1,-1,-1,-1
56,39,432.1,142.4,17.7,42.9,1,-1,-1,-1
56,109,596.6,144.5,29.3,72.6,1,-1,-1,-1
57,21,937.5,144.3,104.0,223.6,1,-1,-1,-1
57,30,823.7,113.7,98.1,253.8,1,-1,-1,-1
57,36,290.7,152.6,75.6,176.5,1,-1,-1,-1
57,95,595.3,144.4,31.5,92.3,1,-1,-1,-1
57,37,621.8,149.1,23.1,66.6,1,-1,-1,-1
57,19,534.3,136.0,25.8,82.2,1,-1,-1,-1
57,4,564.1,146.1,24.7,70.7,1,-1,-1,-1
57,24,458.6,145.2,13.8,43.6,1,-1,-1,-1
57,39,431.6,142.4,17.2,41.9,1,-1,-1,-1
58,21,964.4,139.5,104.5,227.8,1,-1,-1,-1
58,30,845.3,114.0,99.0,253.2,1,-1,-1,-1
58,36,278.1,155.1,74.3,171.9,1,-1,-1,-1
58,95,597.9,144.7,32.1,93.4,1,-1,-1,-1
58,37,624.6,149.2,22.6,66.5,1,-1,-1,-1
58,19,535.7,137.0,25.7,81.3,1,-1,-1,-1
58,4,566.3,145.8,25.2,71.6,1,-1,-1,-1
58,24,456.7,145.4,13.5,43.2,1,-1,-1,-1
58,39,430.2,142.3,16.9,40.9,1,-1,-1,-1
59,21,990.6,135.2,105.7,231.8,1,-1,-1,-1
59,30,865.8,117.0,100.3,250.0,1,-1,-1,-1
59,36,258.6,153.4,72.6,169.6,1,-1,-1,-1
59,95,601.0,144.3,32.8,95.6,1,-1,-1,-1
59,37,627.2,149.2,22.3,66.2,1,-1,-1,-1
59,19,537.0,136.0,26.3,82.6,1,-1,-1,-1
59,4,567.5,145.7,25.5,71.8,1,-1,-1,-1
59,24,456.4,146.4,13.2,42.2,1,-1,-1,-1
59,39,428.2,142.0,16.9,40.2,1,-1,-1,-1
59,114,467.4,141.9,13.9,46.3,1,-1,-1,-1
60,21,1019.2,136.0,106.2,231.4,1,-1,-1,-1
60,30,904.8,116.8,102.0,250.2,1,-1,-1,-1
60,36,243.5,151.9,69.7,167.4,1,-1,-1,-1
60,95,605.5,144.0,33.0,96.3,1,-1,-1,-1
60,37,631.1,149.4,21.3,63.5,1,-1,-1,-1
60,19,538.9,135.5,26.4,83.3,1,-1,-1,-1
60,4,567.7,146.1,25.8,72.4,1,-1,-1,-1
60,24,455.2,146.3,13.3,42.6,1,-1,-1,-1
60,39,426.1,143.3,17.8,42.2,1,-1,-1,-1
61,21,1048.1,138.3,105.8,228.7,1,-1,-1,-1
61,30,934.1,113.5,104.3,253.0,1,-1,-1,-1
61,36,235.0,152.5,67.2,162.3,1,-1,-1,-1
61,95,608.1,144.0,34.0,98.6,1,-1,-1,-1
61,37,633.5,147.0,20.4,61.4,1,-1,-1,-1
61,19,540.0,135.2,26.6,84.6,1,-1,-1,-1
61,4,568.6,146.2,25.7,73.0,1,-1,-1,-1
61,24,453.1,146.3,13.3,43.0,1,-1,-1,-1
61,39,425.4,142.6,17.7,42.4,1,-1,-1,-1
61,114,466.4,144.0,13.9,46.0,1,-1,-1,-1
62,21,1083.2,138.0,106.8,229.1,1,-1,-1,-1
62,30,960.4,108.5,107.6,257.0,1,-1,-1,-1
62,36,231.4,157.7,65.0,157.3,1,-1,-1,-1
62,95,610.1,145.5,33.9,98.1,1,-1,-1,-1
62,37,633.4,148.1,22.0,66.9,1,-1,-1,-1
62,19,540.5,134.7,27.3,85.8,1,-1,-1,-1
62,4,569.4,146.9,25.6,73.2,1,-1,-1,-1
62,24,451.5,144.9,13.3,43.5,1,-1,-1,-1
62,39,425.6,142.7,18.4,44.6,1,-1,-1,-1
62,114,464.7,142.7,14.8,48.0,1,-1,-1,-1
63,21,1117.1,133.5,106.9,232.4,1,-1,-1,-1
63,30,979.5,105.9,112.0,259.9,1,-1,-1,-1
63,95,612.9,147.3,34.5,98.9,1,-1,-1,-1
63,37,636.4,150.3,22.2,67.8,1,-1,-1,-1
63,19,541.8,135.7,27.4,85.4,1,-1,-1,-1
63,4,571.0,147.3,25.5,73.1,1,-1,-1,-1
63,24,450.3,144.0,13.6,44.6,1,-1,-1,-1
63,39,424.2,142.4,18.3,44.9,1,-1,-1,-1
63,114,460.2,141.5,15.6,49.0,1,-1,-1,-1
64,21,1141.9,126.4,82.1,239.1,1,-1,-1,-1
64,30,1003.7,108.9,115.3,256.6,1,-1,-1,-1
64,95,617.8,145.8,35.5,101.0,1,-1,-1,-1
64,37,639.2,149.6,22.3,69.8,1,-1,-1,-1
64,19,542.1,135.9,27.9,86.7,1,-1,-1,-1
64,4,572.2,147.5,25.7,73.5,1,-1,-1,-1
64,24,449.4,143.3,14.2,46.5,1,-1,-1,-1
64,114,457.4,140.4,16.5,50.9,1,-1,-1,-1
65,30,1046.0,110.2,117.1,255.7,1,-1,-1,-1
65,95,624.5,145.0,35.9,102.1,1,-1,-1,-1
65,19,543.2,135.6,28.0,87.6,1,-1,-1,-1
65,4,573.0,145.9,26.4,75.5,1,-1,-1,-1
65,24,447.6,143.7,14.5,48.2,1,-1,-1,-1
65,114,454.3,139.6,17.6,53.4,1,-1,-1,-1
66,30,1078.4,106.0,122.5,259.7,1,-1,-1,-1
66,95,629.2,144.9,36.7,104.3,1,-1,-1,-1
66,19,544.8,134.4,28.4,89.1,1,-1,-1,-1
66,4,575.8,145.5,26.8,75.5,1,-1,-1,-1
66,24,447.5,144.2,14.8,46.6,1,-1,-1,-1
66,114,452.3,142.7,17.0,50.7,1,-1,-1,-1
67,30,1117.2,100.0,106.8,265.0,1,-1,-1,-1
67,95,633.6,146.6,37.7,105.4,1,-1,-1,-1
67,19,545.8,134.2,28.6,90.1,1,-1,-1,-1
67,4,578.3,146.1,27.0,75.4,1,-1,-1,-1
67,24,448.4,142.9,15.6,49.0,1,-1,-1,-1
67,114,447.3,141.8,17.7,51.7,1,-1,-1,-1
67,133,514.0,144.5,14.3,35.0,1,-1,-1,-1
68,95,636.5,145.8,38.9,108.7,1,-1,-1,-1
68,19,546.2,133.9,29.1,91.7,1,-1,-1,-1
68,4,580.9,146.1,27.9,76.0,1,-1,-1,-1
68,114,442.8,140.8,18.8,53.9,1,-1,-1,-1
68,50,511.5,143.9,13.2,33.0,1,-1,-1,-1
69,95,641.9,145.1,39.0,109.7,1,-1,-1,-1
69,19,546.9,134.2,29.1,91.8,1,-1,-1,-1
69,4,584.1,144.9,29.1,77.8,1,-1,-1,-1
69,114,441.2,140.3,19.6,55.8,1,-1,-1,-1
69,50,510.1,144.3,13.4,33.2,1,-1,-1,-1
69,24,446.3,141.1,15.1,47.8,1,-1,-1,-1
69,133,512.3,144.7,13.9,34.1,1,-1,-1,-1
70,95,647.2,144.4,39.3,111.3,1,-1,-1,-1
70,19,548.3,134.1,29.1,91.9,1,-1,-1,-1
70,4,585.5,144.5,29.5,78.2,1,-1,-1,-1
70,114,440.3,140.9,18.0,51.3,1,-1,-1,-1
70,50,509.5,144.5,13.9,34.3,1,-1,-1,-1
70,24,441.6,141.4,17.3,53.1,1,-1,-1,-1
70,133,511.9,145.2,13.7,33.1,1,-1,-1,-1
70,39,408.9,141.6,18.3,43.8,1,-1,-1,-1
71,95,651.5,144.9,40.3,113.1,1,-1,-1,-1
71,19,549.6,133.5,29.2,92.3,1,-1,-1,-1
71,4,587.2,145.0,30.1,79.4,1,-1,-1,-1
71,114,438.4,142.1,17.7,49.4,1,-1,-1,-1
71,50,508.8,144.5,13.9,34.5,1,-1,-1,-1
71,39,407.3,141.7,17.9,42.2,1,-1,-1,-1
72,95,656.9,146.7,41.0,114.2,1,-1,-1,-1
72,19,550.5,132.9,29.7,93.8,1,-1,-1,-1
72,4,589.2,146.8,30.0,77.8,1,-1,-1,-1
72,114,436.9,141.8,16.9,46.7,1,-1,-1,-1
72,50,507.3,144.5,14.2,35.2,1,-1,-1,-1
72,39,406.4,142.0,18.0,42.7,1,-1,-1,-1
73,95,658.9,148.0,42.3,116.0,1,-1,-1,-1
73,19,550.5,133.0,30.1,94.5,1,-1,-1,-1
73,4,590.7,146.2,31.0,80.7,1,-1,-1,-1
73,114,435.9,141.8,16.9,46.8,1,-1,-1,-1
73,50,505.6,144.0,14.6,36.6,1,-1,-1,-1
73,39,404.8,142.3,18.2,44.0,1,-1,-1,-1
74,95,668.0,147.3,42.7,117.7,1,-1,-1,-1
74,19,550.4,133.7,30.4,95.0,1,-1,-1,-1
74,4,593.4,144.8,32.1,82.9,1,-1,-1,-1
74,114,434.7,139.3,16.8,46.8,1,-1,-1,-1
74,50,504.5,144.2,14.6,36.8,1,-1,-1,-1
74,39,404.8,143.7,18.3,44.8,1,-1,-1,-1
74,151,322.0,144.5,20.2,33.5,1,-1,-1,-1
74,37,655.7,149.1,24.2,76.4,1,-1,-1,-1
75,95,675.8,145.9,43.2,120.0,1,-1,-1,-1
75,19,550.8,134.1,30.8,96.3,1,-1,-1,-1
75,4,597.1,144.9,32.4,83.0,1,-1,-1,-1
75,114,432.1,138.2,18.5,51.2,1,-1,-1,-1
75,50,503.9,145.9,14.1,34.9,1,-1,-1,-1
75,39,405.0,143.9,17.7,43.8,1,-1,-1,-1
75,151,322.1,145.3,20.2,33.6,1,-1,-1,-1
75,37,657.6,149.6,24.6,76.0,1,-1,-1,-1
76,95,684.0,146.5,44.0,120.8,1,-1,-1,-1
76,19,550.8,133.3,31.7,98.6,1,-1,-1,-1
76,4,601.0,144.9,33.4,84.9,1,-1,-1,-1
76,114,430.5,139.2,18.5,50.8,1,-1,-1,-1
76,151,321.1,145.9,19.7,32.8,1,-1,-1,-1
76,37,662.0,150.4,24.9,76.1,1,-1,-1,-1
77,95,688.3,148.0,45.6,123.8,1,-1,-1,-1
77,19,552.2,133.0,31.6,99.2,1,-1,-1,-1
77,4,603.9,145.4,34.2,85.6,1,-1,-1,-1
77,114,427.7,140.6,18.6,50.6,1,-1,-1,-1
77,151,321.2,146.4,19.9,33.2,1,-1,-1,-1
77,37,663.8,149.9,25.8,76.8,1,-1,-1,-1
77,159,497.1,145.3,16.4,37.5,1,-1,-1,-1
78,95,691.5,147.7,46.5,125.4,1,-1,-1,-1
78,19,553.9,132.4,31.9,101.1,1,-1,-1,-1
78,4,606.2,146.2,33.3,83.1,1,-1,-1,-1
78,114,426.5,140.1,18.4,50.3,1,-1,-1,-1
78,151,320.9,146.6,19.5,32.7,1,-1,-1,-1
78,37,667.9,149.7,26.2,77.5,1,-1,-1,-1
78,159,495.4,144.7,16.7,38.3,1,-1,-1,-1
78,39,399.6,144.1,16.1,37.9,1,-1,-1,-1
79,95,699.9,146.5,46.6,127.6,1,-1,-1,-1
79,19,555.7,133.8,31.1,99.5,1,-1,-1,-1
79,4,607.2,145.0,34.5,86.3,1,-1,-1,-1
79,114,425.4,140.5,18.7,51.1,1,-1,-1,-1
79,151,322.3,146.3,19.6,32.9,1,-1,-1,-1
79,37,671.0,149.5,26.9,78.4,1,-1,-1,-1
79,159,494.1,146.0,15.6,35.9,1,-1,-1,-1
79,39,398.1,145.4,16.1,36.7,1,-1,-1,-1
80,95,707.2,145.1,47.5,131.1,1,-1,-1,-1
80,19,557.3,134.3,31.1,101.0,1,-1,-1,-1
80,4,609.0,144.9,35.1,86.7,1,-1,-1,-1
80,114,423.1,139.0,20.0,54.1,1,-1,-1,-1
80,151,321.8,144.0,21.4,36.0,1,-1,-1,-1
80,37,673.8,150.7,27.3,77.4,1,-1,-1,-1
80,159,493.1,147.9,15.5,35.6,1,-1,-1,-1
80,39,397.2,145.2,16.6,37.8,1,-1,-1,-1
81,95,713.3,146.2,48.6,133.5,1,-1,-1,-1
81,19,558.4,134.0,31.4,102.5,1,-1,-1,-1
81,4,611.6,145.4,36.1,87.6,1,-1,-1,-1
81,114,421.6,138.8,19.1,51.0,1,-1,-1,-1
81,151,323.0,145.1,20.2,34.1,1,-1,-1,-1
81,37,675.3,151.7,27.7,77.0,1,-1,-1,-1
81,159,490.9,145.8,16.3,37.8,1,-1,-1,-1
81,39,395.2,145.3,15.4,34.7,1,-1,-1,-1
81,163,513.8,148.8,13.6,34.4,1,-1,-1,-1
82,95,718.7,147.7,50.2,137.3,1,-1,-1,-1
82,19,560.1,132.2,32.1,104.8,1,-1,-1,-1
82,4,613.6,146.9,36.8,87.1,1,-1,-1,-1
82,114,418.5,140.7,19.2,51.4,1,-1,-1,-1
82,151,322.5,144.3,20.7,34.8,1,-1,-1,-1
82,37,677.1,151.4,28.6,78.5,1,-1,-1,-1
82,159,487.6,144.0,16.3,38.3,1,-1,-1,-1
82,163,513.0,149.2,13.3,33.7,1,-1,-1,-1
83,95,726.1,148.6,51.7,140.1,1,-1,-1,-1
83,19,561.4,131.2,32.8,106.5,1,-1,-1,-1
83,4,614.2,146.2,38.0,89.3,1,-1,-1,-1
83,114,416.9,140.9,18.7,50.5,1,-1,-1,-1
83,151,322.1,144.5,20.8,35.0,1,-1,-1,-1
83,37,679.7,151.5,29.1,80.3,1,-1,-1,-1
83,159,485.8,143.2,16.1,38.2,1,-1,-1,-1
83,163,510.5,149.2,13.1,33.2,1,-1,-1,-1
84,95,734.3,147.4,52.6,142.8,1,-1,-1,-1
84,19,560.3,131.6,34.1,107.9,1,-1,-1,-1
84,4,616.6,145.8,38.6,91.0,1,-1,-1,-1
84,114,415.7,140.7,18.1,49.1,1,-1,-1,-1
84,151,321.5,143.5,21.3,35.8,1,-1,-1,-1
84,37,679.9,151.1,30.2,82.5,1,-1,-1,-1
84,159,483.3,143.9,16.4,39.1,1,-1,-1,-1
84,163,507.4,149.5,13.3,33.5,1,-1,-1,-1
85,95,742.9,146.2,53.0,145.9,1,-1,-1,-1
85,19,560.1,132.4,35.5,109.3,1,-1,-1,-1
85,4,621.0,145.3,39.1,92.6,1,-1,-1,-1
85,114,412.8,140.4,19.0,51.4,1,-1,-1,-1
85,151,321.3,143.3,21.5,36.5,1,-1,-1,-1
85,37,681.1,151.7,31.3,83.3,1,-1,-1,-1
85,159,481.8,143.5,16.5,39.1,1,-1,-1,-1
85,163,504.3,149.0,13.6,34.2,1,-1,-1,-1
86,95,752.8,147.4,54.1,146.4,1,-1,-1,-1
86,19,560.2,133.0,36.6,109.9,1,-1,-1,-1
86,4,624.7,146.1,38.7,92.0,1,-1,-1,-1
86,114,411.5,138.1,19.7,52.7,1,-1,-1,-1
86,151,321.4,143.2,21.2,35.7,1,-1,-1,-1
86,37,683.4,151.7,32.2,83.9,1,-1,-1,-1
86,159,480.3,144.3,16.6,38.9,1,-1,-1,-1
86,163,502.6,148.5,13.7,34.5,1,-1,-1,-1
87,95,756.2,149.3,56.0,150.4,1,-1,-1,-1
87,19,563.7,132.1,37.9,113.1,1,-1,-1,-1
87,4,626.4,146.9,39.3,93.6,1,-1,-1,-1
87,114,409.5,138.8,20.1,52.4,1,-1,-1,-1
87,151,321.2,143.0,21.3,36.1,1,-1,-1,-1
87,37,686.9,150.2,32.9,85.5,1,-1,-1,-1
87,159,477.9,144.5,16.9,38.9,1,-1,-1,-1
87,163,499.9,148.7,13.7,34.6,1,-1,-1,-1
88,95,761.5,149.0,57.3,154.7,1,-1,-1,-1
88,19,568.7,129.5,38.3,115.9,1,-1,-1,-1
88,4,628.1,146.2,39.6,94.7,1,-1,-1,-1
88,114,406.9,139.6,18.8,48.5,1,-1,-1,-1
88,151,320.9,143.0,21.2,36.1,1,-1,-1,-1
88,37,691.8,150.3,33.4,86.1,1,-1,-1,-1
88,159,475.7,143.8,17.0,39.3,1,-1,-1,-1
88,163,498.5,149.5,13.4,33.7,1,-1,-1,-1
89,95,772.4,147.7,56.7,156.1,1,-1,-1,-1
89,19,573.9,130.9,37.8,115.1,1,-1,-1,-1
89,4,630.5,145.2,41.2,96.8,1,-1,-1,-1
89,114,405.4,140.1,18.1,47.0,1,-1,-1,-1
89,151,321.0,143.7,20.4,35.2,1,-1,-1,-1
89,37,695.9,151.2,34.1,85.9,1,-1,-1,-1
89,159,472.7,143.6,17.0,40.0,1,-1,-1,-1
89,50,495.9,149.8,14.3,34.2,1,-1,-1,-1
90,95,782.6,147.1,57.7,161.6,1,-1,-1,-1
90,19,577.8,132.7,37.4,114.6,1,-1,-1,-1
90,4,631.7,145.5,42.4,98.0,1,-1,-1,-1
90,114,403.9,140.7,17.6,45.9,1,-1,-1,-1
90,151,321.0,143.4,20.1,35.1,1,-1,-1,-1
90,37,700.4,152.5,34.7,86.9,1,-1,-1,-1
90,159,470.2,145.2,16.4,38.9,1,-1,-1,-1
90,50,494.6,150.9,13.8,33.0,1,-1,-1,-1
91,95,791.8,148.9,58.9,162.5,1,-1,-1,-1
91,19,579.9,132.8,37.5,116.2,1,-1,-1,-1
91,4,633.3,146.4,43.1,98.5,1,-1,-1,-1
91,114,401.8,142.2,16.7,43.9,1,-1,-1,-1
91,151,321.0,143.8,20.2,35.5,1,-1,-1,-1
91,37,704.4,153.5,34.8,87.2,1,-1,-1,-1
91,159,468.0,144.6,16.5,39.6,1,-1,-1,-1
91,50,493.0,151.2,13.6,32.7,1,-1,-1,-1
92,95,799.9,150.9,62.2,168.7,1,-1,-1,-1
92,19,582.9,132.8,37.5,116.9,1,-1,-1,-1
92,4,632.4,146.4,44.9,101.8,1,-1,-1,-1
92,114,399.7,142.7,15.9,41.4,1,-1,-1,-1
92,151,321.2,143.9,20.0,35.4,1,-1,-1,-1
92,37,708.2,152.5,34.2,86.2,1,-1,-1,-1
92,159,467.0,145.1,15.8,38.9,1,-1,-1,-1
92,50,490.4,150.8,12.9,31.7,1,-1,-1,-1
93,95,810.3,150.7,63.8,172.3,1,-1,-1,-1
93,19,586.3,131.8,37.8,119.4,1,-1,-1,-1
93,4,631.5,146.7,45.0,102.2,1,-1,-1,-1
93,114,397.8,142.6,15.1,38.9,1,-1,-1,-1
93,151,321.9,143.6,20.4,36.2,1,-1,-1,-1
93,37,710.7,152.0,34.9,89.1,1,-1,-1,-1
93,159,463.8,145.3,15.7,38.8,1,-1,-1,-1
93,50,488.5,150.5,13.0,32.6,1,-1,-1,-1
94,95,825.3,148.6,63.7,175.1,1,-1,-1,-1
94,19,587.4,130.9,38.9,122.5,1,-1,-1,-1
94,4,633.5,146.3,45.4,103.7,1,-1,-1,-1
94,114,396.8,143.1,14.3,36.5,1,-1,-1,-1
94,151,322.6,143.1,21.0,36.8,1,-1,-1,-1
94,37,714.5,152.7,35.7,90.4,1,-1,-1,-1
94,159,462.1,145.0,15.7,39.1,1,-1,-1,-1
94,50,485.2,150.5,13.6,33.7,1,-1,-1,-1
95,95,840.3,148.7,64.9,179.4,1,-1,-1,-1
95,19,588.2,131.8,39.4,122.7,1,-1,-1,-1
95,4,636.9,147.3,44.8,104.1,1,-1,-1,-1
95,114,394.9,142.3,14.4,36.9,1,-1,-1,-1
95,151,322.7,143.8,20.9,36.2,1,-1,-1,-1
95,37,716.3,152.6,36.7,92.6,1,-1,-1,-1
95,159,460.2,145.7,15.5,38.7,1,-1,-1,-1
95,50,482.5,148.6,14.4,36.0,1,-1,-1,-1
96,95,855.3,151.1,68.5,181.2,1,-1,-1,-1
96,19,588.2,133.3,39.9,122.2,1,-1,-1,-1
96,4,640.7,148.3,44.4,104.3,1,-1,-1,-1
96,114,391.9,142.7,15.2,38.4,1,-1,-1,-1
96,151,323.0,143.9,20.8,35.9,1,-1,-1,-1
96,37,720.8,152.8,36.7,93.5,1,-1,-1,-1
96,159,459.2,147.7,14.8,36.8,1,-1,-1,-1
96,50,480.9,148.3,14.2,35.8,1,-1,-1,-1
96,181,548.8,143.3,16.9,37.5,1,-1,-1,-1
97,95,861.9,153.1,73.0,187.0,1,-1,-1,-1
97,19,589.5,132.6,42.0,127.9,1,-1,-1,-1
97,4,644.5,149.2,45.6,106.8,1,-1,-1,-1
97,114,389.9,142.1,15.2,37.9,1,-1,-1,-1
97,151,323.7,144.8,19.8,34.2,1,-1,-1,-1
97,37,726.5,151.8,36.8,94.6,1,-1,-1,-1
97,159,454.2,145.7,16.7,40.7,1,-1,-1,-1
97,50,479.3,148.9,13.8,35.2,1,-1,-1,-1
97,181,549.0,141.6,17.7,39.4,1,-1,-1,-1
98,95,869.8,151.8,75.9,192.9,1,-1,-1,-1
98,19,595.2,131.9,42.0,129.3,1,-1,-1,-1
98,4,645.0,148.4,45.3,107.0,1,-1,-1,-1
98,114,386.2,141.7,15.5,38.1,1,-1,-1,-1
98,37,732.5,152.4,37.4,95.6,1,-1,-1,-1
98,159,452.6,145.9,17.0,41.5,1,-1,-1,-1
98,50,477.8,148.9,13.9,35.4,1,-1,-1,-1
98,181,547.3,142.2,17.9,39.9,1,-1,-1,-1
99,95,887.8,148.7,75.8,197.5,1,-1,-1,-1
99,19,600.3,131.1,42.4,132.7,1,-1,-1,-1
99,4,646.1,148.7,44.2,105.7,1,-1,-1,-1
99,114,382.9,141.3,15.6,38.3,1,-1,-1,-1
99,37,738.5,153.2,37.6,95.4,1,-1,-1,-1
99,159,451.3,145.5,16.9,41.5,1,-1,-1,-1
99,50,476.0,151.0,13.4,33.4,1,-1,-1,-1
99,181,546.3,142.5,17.8,39.7,1,-1,-1,-1
100,95,904.5,147.1,77.3,205.1,1,-1,-1,-1
100,19,605.1,132.0,42.0,132.7,1,-1,-1,-1
100,4,648.8,148.6,46.8,111.9,1,-1,-1,-1
100,114,379.5,141.7,16.0,37.6,1,-1,-1,-1
100,37,742.8,153.3,38.8,97.9,1,-1,-1,-1
100,159,450.2,145.6,16.2,40.7,1,-1,-1,-1
100,50,474.5,152.1,13.0,32.2,1,-1,-1,-1
100,181,545.5,142.4,18.1,40.3,1,-1,-1,-1
101,95,923.6,151.3,80.8,207.0,1,-1,-1,-1
101,19,609.1,133.5,41.8,132.5,1,-1,-1,-1
101,4,650.9,150.2,47.6,113.6,1,-1,-1,-1
101,114,376.6,140.5,16.9,38.2,1,-1,-1,-1
101,37,746.3,153.7,39.5,99.6,1,-1,-1,-1
101,159,446.6,146.8,15.5,38.7,1,-1,-1,-1
101,181,546.8,142.9,17.7,39.7,1,-1,-1,-1
101,188,466.2,146.1,15.9,39.4,1,-1,-1,-1
102,95,937.7,152.9,85.8,212.7,1,-1,-1,-1
102,19,611.4,133.2,42.6,135.1,1,-1,-1,-1
102,4,653.0,150.8,48.8,116.7,1,-1,-1,-1
102,114,374.3,139.8,17.1,37.6,1,-1,-1,-1
102,37,751.0,153.2,39.1,99.7,1,-1,-1,-1
102,159,442.6,145.6,15.6,39.1,1,-1,-1,-1
102,181,546.3,142.8,17.7,39.4,1,-1,-1,-1
102,188,464.6,145.6,16.4,40.8,1,-1,-1,-1
103,95,953.6,151.8,87.4,217.0,1,-1,-1,-1
103,19,613.7,132.2,43.2,135.9,1,-1,-1,-1
103,4,658.3,150.3,48.5,116.1,1,-1,-1,-1
103,114,371.6,140.6,16.9,35.9,1,-1,-1,-1
103,37,754.5,153.2,40.1,102.8,1,-1,-1,-1
103,159,438.5,145.4,15.9,39.4,1,-1,-1,-1
103,181,545.9,142.7,17.9,40.1,1,-1,-1,-1
103,188,463.0,145.3,16.9,42.0,1,-1,-1,-1
104,95,978.3,147.6,88.1,222.4,1,-1,-1,-1
104,19,608.8,131.6,46.4,139.5,1,-1,-1,-1
104,4,661.3,149.1,49.1,120.2,1,-1,-1,-1
104,114,369.2,140.5,16.9,34.9,1,-1,-1,-1
104,37,757.5,153.2,41.3,104.2,1,-1,-1,-1
104,159,436.6,146.0,15.4,38.1,1,-1,-1,-1
104,181,545.9,142.4,18.0,40.5,1,-1,-1,-1
104,188,463.6,144.3,17.6,44.0,1,-1,-1,-1
105,95,998.8,147.4,90.1,222.6,1,-1,-1,-1
105,19,602.2,131.7,50.8,143.0,1,-1,-1,-1
105,4,667.4,151.2,49.7,122.8,1,-1,-1,-1
105,114,367.2,141.2,16.5,33.5,1,-1,-1,-1
105,37,762.1,152.9,41.5,105.5,1,-1,-1,-1
105,159,435.5,145.6,15.4,38.1,1,-1,-1,-1
105,181,547.6,142.4,18.0,40.5,1,-1,-1,-1
106,95,1020.6,149.9,94.8,220.1,1,-1,-1,-1
106,19,599.8,132.6,55.0,146.1,1,-1,-1,-1
106,4,672.2,152.4,51.1,125.5,1,-1,-1,-1
106,114,365.3,141.7,16.8,34.0,1,-1,-1,-1
106,37,769.1,153.0,41.3,106.5,1,-1,-1,-1
106,159,433.9,144.7,15.6,38.6,1,-1,-1,-1
106,181,547.4,142.7,17.5,39.7,1,-1,-1,-1
106,192,459.7,149.6,10.7,36.6,1,-1,-1,-1
107,95,1030.2,151.2,98.1,218.8,1,-1,-1,-1
107,19,598.5,132.9,58.8,149.5,1,-1,-1,-1
107,4,676.7,152.3,51.3,125.6,1,-1,-1,-1
107,114,363.2,142.2,16.3,32.0,1,-1,-1,-1
107,37,775.0,152.6,41.8,107.6,1,-1,-1,-1
107,159,430.3,145.2,16.4,40.1,1,-1,-1,-1
107,192,457.0,150.7,10.6,36.2,1,-1,-1,-1
108,95,1048.7,148.1,100.6,221.9,1,-1,-1,-1
108,19,598.6,133.0,61.2,150.5,1,-1,-1,-1
108,4,678.0,151.0,51.8,128.0,1,-1,-1,-1
108,114,361.6,142.0,15.4,30.3,1,-1,-1,-1
108,37,782.1,153.5,42.6,109.6,1,-1,-1,-1
108,159,428.5,146.1,16.1,38.8,1,-1,-1,-1
108,192,454.8,152.5,10.1,34.3,1,-1,-1,-1
108,181,546.5,142.9,17.5,40.1,1,-1,-1,-1
109,95,1080.8,143.1,100.4,226.9,1,-1,-1,-1
109,19,605.1,131.9,62.3,152.1,1,-1,-1,-1
109,4,682.2,151.1,54.0,132.7,1,-1,-1,-1
109,37,787.4,154.5,43.5,111.1,1,-1,-1,-1
109,159,426.3,145.5,16.8,40.0,1,-1,-1,-1
109,192,451.8,152.4,10.5,35.1,1,-1,-1,-1
109,181,545.3,143.2,17.4,39.4,1,-1,-1,-1
110,95,1109.7,143.2,98.7,226.6,1,-1,-1,-1
110,19,616.7,131.8,61.7,155.4,1,-1,-1,-1
110,4,686.0,153.2,54.7,134.3,1,-1,-1,-1
110,37,793.4,155.8,43.8,111.4,1,-1,-1,-1
110,159,425.7,145.8,15.9,38.5,1,-1,-1,-1
110,192,448.8,152.6,10.4,34.0,1,-1,-1,-1
110,181,545.6,142.9,17.3,39.5,1,-1,-1,-1
110,198,481.3,146.9,18.2,41.1,1,-1,-1,-1
111,95,1128.3,145.6,95.7,224.4,1,-1,-1,-1
111,19,624.9,133.1,60.4,156.5,1,-1,-1,-1
111,4,687.2,154.4,54.9,136.5,1,-1,-1,-1
111,37,798.8,155.2,44.0,112.7,1,-1,-1,-1
111,159,421.3,144.7,17.2,41.5,1,-1,-1,-1
111,192,445.9,151.5,11.0,35.4,1,-1,-1,-1
111,181,544.9,143.4,17.3,39.2,1,-1,-1,-1
111,198,483.1,145.3,19.0,43.2,1,-1,-1,-1
112,95,1142.2,170.1,81.8,199.0,1,-1,-1,-1
112,19,630.3,134.5,59.6,158.3,1,-1,-1,-1
112,4,690.6,154.1,55.0,138.0,1,-1,-1,-1
112,37,804.0,154.4,43.6,113.3,1,-1,-1,-1
112,192,441.9,151.3,11.9,37.9,1,-1,-1,-1
112,181,546.4,143.7,17.1,38.8,1,-1,-1,-1
112,198,486.8,144.4,19.0,43.5,1,-1,-1,-1
113,19,635.0,134.7,58.5,159.2,1,-1,-1,-1
113,4,695.3,153.0,54.6,139.9,1,-1,-1,-1
113,37,809.3,154.9,45.9,116.4,1,-1,-1,-1
113,192,438.4,151.3,11.8,36.2,1,-1,-1,-1
113,181,547.0,143.7,17.3,39.4,1,-1,-1,-1
113,198,490.2,144.7,18.8,43.1,1,-1,-1,-1
113,159,417.6,143.4,16.9,40.9,1,-1,-1,-1
114,19,639.0,133.3,59.1,164.2,1,-1,-1,-1
114,4,702.8,153.6,55.3,142.9,1,-1,-1,-1
114,37,815.4,156.0,47.2,119.1,1,-1,-1,-1
114,192,436.9,151.4,12.4,37.9,1,-1,-1,-1
114,198,492.6,145.1,18.5,42.5,1,-1,-1,-1
114,159,415.9,144.6,16.2,39.3,1,-1,-1,-1
115,19,640.5,132.5,59.4,166.9,1,-1,-1,-1
115,4,710.2,155.2,56.9,145.1,1,-1,-1,-1
115,37,823.0,155.8,47.1,120.9,1,-1,-1,-1
115,192,434.6,151.0,12.4,37.2,1,-1,-1,-1
115,198,495.0,144.8,18.2,42.2,1,-1,-1,-1
115,159,412.0,143.6,17.6,42.3,1,-1,-1,-1
116,19,636.8,133.0,62.4,172.9,1,-1,-1,-1
116,4,712.3,155.9,57.7,148.4,1,-1,-1,-1
116,37,830.6,154.6,47.5,122.2,1,-1,-1,-1
116,192,432.5,151.2,11.9,34.8,1,-1,-1,-1
116,198,497.9,144.2,17.7,41.9,1,-1,-1,-1
116,159,409.2,142.9,18.6,44.5,1,-1,-1,-1
117,19,635.6,134.9,64.8,176.5,1,-1,-1,-1
117,4,717.4,155.1,58.0,150.8,1,-1,-1,-1
117,37,840.6,154.7,47.7,122.2,1,-1,-1,-1
117,192,429.9,150.7,11.7,33.7,1,-1,-1,-1
117,198,501.3,144.0,17.6,42.1,1,-1,-1,-1
117,159,407.4,143.4,18.5,43.9,1,-1,-1,-1
117,181,550.1,142.8,17.8,40.9,1,-1,-1,-1
118,19,639.2,135.0,66.5,179.9,1,-1,-1,-1
118,4,723.0,154.5,60.1,155.2,1,-1,-1,-1
118,37,848.6,156.7,49.3,124.3,1,-1,-1,-1
118,192,427.3,150.8,12.2,34.4,1,-1,-1,-1
118,198,505.1,144.3,17.8,42.1,1,-1,-1,-1
118,159,405.6,144.6,18.2,42.6,1,-1,-1,-1
118,181,551.0,142.3,18.2,42.0,1,-1,-1,-1
119,19,648.9,133.2,67.4,186.2,1,-1,-1,-1
119,4,725.4,155.9,61.4,158.8,1,-1,-1,-1
119,37,856.9,157.8,50.9,127.9,1,-1,-1,-1
119,192,424.8,151.1,12.7,34.2,1,-1,-1,-1
119,198,507.3,144.8,17.7,41.3,1,-1,-1,-1
119,159,404.0,147.0,16.3,37.5,1,-1,-1,-1
119,181,552.1,141.5,18.3,43.0,1,-1,-1,-1
120,19,659.4,132.3,66.0,188.3,1,-1,-1,-1
120,4,730.1,159.5,63.7,164.4,1,-1,-1,-1
120,37,865.9,158.2,51.0,129.2,1,-1,-1,-1
120,192,421.2,151.2,13.4,35.3,1,-1,-1,-1
120,198,509.8,144.8,17.9,41.7,1,-1,-1,-1
120,159,402.2,146.7,16.3,37.6,1,-1,-1,-1
120,181,553.1,141.2,18.2,43.0,1,-1,-1,-1
121,19,667.8,132.5,66.1,192.6,1,-1,-1,-1
121,4,732.1,162.5,63.7,166.5,1,-1,-1,-1
121,37,872.7,156.8,51.9,132.2,1,-1,-1,-1
121,192,418.7,150.8,13.7,36.0,1,-1,-1,-1
121,198,512.9,144.6,17.4,41.1,1,-1,-1,-1
121,159,400.3,146.8,16.0,36.5,1,-1,-1,-1
121,181,554.0,141.3,18.0,42.5,1,-1,-1,-1
122,19,674.5,134.2,67.5,199.1,1,-1,-1,-1
122,4,737.8,162.6,64.5,169.2,1,-1,-1,-1
122,37,879.9,156.6,52.8,134.1,1,-1,-1,-1
122,192,416.3,149.5,14.4,37.8,1,-1,-1,-1
122,198,515.9,144.1,16.9,40.8,1,-1,-1,-1
122,159,398.3,147.4,16.1,36.4,1,-1,-1,-1
122,181,554.5,140.9,18.0,42.8,1,-1,-1,-1
123,19,678.6,134.6,68.5,203.8,1,-1,-1,-1
123,4,745.2,160.1,65.9,174.5,1,-1,-1,-1
123,37,893.7,157.1,54.7,136.8,1,-1,-1,-1
123,192,415.2,149.5,13.6,36.1,1,-1,-1,-1
123,198,518.5,145.1,16.2,39.5,1,-1,-1,-1
123,159,395.6,147.3,16.2,35.8,1,-1,-1,-1
123,181,555.4,141.4,18.0,42.7,1,-1,-1,-1
124,19,684.6,133.9,69.4,209.3,1,-1,-1,-1
124,4,748.7,161.2,66.4,177.1,1,-1,-1,-1
124,37,903.6,158.3,54.9,139.6,1,-1,-1,-1
124,192,412.8,148.2,14.4,38.5,1,-1,-1,-1
124,159,395.1,147.7,15.7,35.3,1,-1,-1,-1
124,181,556.2,141.9,17.9,42.6,1,-1,-1,-1
125,19,693.4,132.3,68.0,208.5,1,-1,-1,-1
125,4,755.6,163.8,69.5,182.0,1,-1,-1,-1
125,37,914.2,157.7,54.5,140.8,1,-1,-1,-1
125,192,409.2,150.4,13.9,36.6,1,-1,-1,-1
125,159,392.8,148.3,15.1,34.3,1,-1,-1,-1
125,181,556.4,142.4,17.6,42.3,1,-1,-1,-1
126,19,693.1,132.5,71.4,216.4,1,-1,-1,-1
126,4,763.8,165.5,71.9,185.2,1,-1,-1,-1
126,37,930.9,157.2,50.3,127.2,1,-1,-1,-1
126,192,407.3,151.9,12.6,33.0,1,-1,-1,-1
126,159,389.4,148.4,15.4,34.1,1,-1,-1,-1
126,181,556.0,142.4,17.6,41.9,1,-1,-1,-1
127,19,692.3,133.8,75.1,221.6,1,-1,-1,-1
127,4,777.2,163.8,73.1,188.7,1,-1,-1,-1
127,37,943.1,158.1,55.8,139.8,1,-1,-1,-1
127,192,405.2,150.9,13.0,34.1,1,-1,-1,-1
127,159,388.4,147.9,15.7,34.9,1,-1,-1,-1
127,181,556.2,142.5,17.6,42.0,1,-1,-1,-1
128,19,693.0,134.5,78.0,223.9,1,-1,-1,-1
128,4,784.6,162.5,75.8,196.4,1,-1,-1,-1
128,37,954.8,160.0,59.9,148.7,1,-1,-1,-1
128,192,403.4,152.5,12.9,33.1,1,-1,-1,-1
128,159,385.6,148.5,15.7,34.8,1,-1,-1,-1
128,181,556.8,142.6,17.6,41.9,1,-1,-1,-1
129,19,698.5,133.3,81.4,229.7,1,-1,-1,-1
129,4,792.0,162.9,78.5,202.4,1,-1,-1,-1
129,37,965.7,160.1,61.6,152.7,1,-1,-1,-1
129,192,401.4,152.8,13.3,33.0,1,-1,-1,-1
129,159,382.7,148.4,16.2,35.9,1,-1,-1,-1
129,181,557.6,142.5,17.8,41.9,1,-1,-1,-1
130,19,714.4,130.2,81.9,235.9,1,-1,-1,-1
130,4,801.1,164.8,78.8,201.0,1,-1,-1,-1
130,37,978.2,159.2,53.1,129.7,1,-1,-1,-1
130,192,398.4,152.8,12.5,30.2,1,-1,-1,-1
130,159,380.7,148.1,15.3,34.1,1,-1,-1,-1
130,181,557.1,142.3,17.9,42.0,1,-1,-1,-1
130,198,535.3,148.2,14.8,35.6,1,-1,-1,-1
131,19,728.8,128.7,81.3,240.0,1,-1,-1,-1
131,4,810.5,164.4,80.8,204.7,1,-1,-1,-1
131,37,987.1,158.5,61.6,151.3,1,-1,-1,-1
131,192,395.9,151.8,12.9,30.7,1,-1,-1,-1
131,159,378.0,149.8,14.3,31.2,1,-1,-1,-1
131,181,556.9,142.0,18.0,42.3,1,-1,-1,-1
132,19,740.6,131.0,80.3,239.0,1,-1,-1,-1
132,4,822.9,162.4,82.1,207.6,1,-1,-1,-1
132,37,1001.2,161.3,66.3,155.8,1,-1,-1,-1
132,159,375.7,150.3,14.3,30.2,1,-1,-1,-1
132,181,556.8,142.1,18.2,42.4,1,-1,-1,-1
133,19,751.7,131.2,80.3,238.8,1,-1,-1,-1
133,4,831.7,163.2,81.8,206.8,1,-1,-1,-1
133,37,1014.7,161.6,70.4,164.9,1,-1,-1,-1
134,19,759.4,128.6,81.5,241.4,1,-1,-1,-1
134,4,839.9,164.7,84.5,205.3,1,-1,-1,-1
134,37,1025.5,160.9,70.6,168.3,1,-1,-1,-1
135,19,768.5,124.3,82.3,245.7,1,-1,-1,-1
135,4,851.0,165.3,86.4,204.6,1,-1,-1,-1
135,37,1040.3,159.6,71.0,170.2,1,-1,-1,-1
135,159,371.0,148.9,15.3,31.6,1,-1,-1,-1
136,19,779.6,120.6,82.2,247.7,1,-1,-1,-1
136,4,870.0,162.9,89.0,207.0,1,-1,-1,-1
136,37,1057.6,161.0,74.5,175.9,1,-1,-1,-1
136,159,368.9,147.3,16.2,33.1,1,-1,-1,-1
136,181,553.8,142.1,17.9,41.8,1,-1,-1,-1
137,19,781.9,121.1,84.3,247.2,1,-1,-1,-1
137,4,891.3,160.2,90.0,209.3,1,-1,-1,-1
137,37,1076.0,163.1,78.5,182.4,1,-1,-1,-1
137,159,367.6,146.8,16.8,33.7,1,-1,-1,-1
137,181,554.2,141.7,18.2,42.1,1,-1,-1,-1
138,19,784.6,123.5,87.1,244.9,1,-1,-1,-1
138,4,906.9,160.8,90.9,208.5,1,-1,-1,-1
138,37,1093.3,163.5,79.9,184.4,1,-1,-1,-1
138,181,555.0,142.0,18.1,42.2,1,-1,-1,-1
139,19,788.4,122.9,91.7,246.0,1,-1,-1,-1
139,4,925.2,163.5,93.1,205.7,1,-1,-1,-1
139,37,1108.5,162.1,80.6,187.2,1,-1,-1,-1
140,19,799.2,119.5,96.1,248.9,1,-1,-1,-1
140,4,944.5,164.1,96.3,204.4,1,-1,-1,-1
140,37,1123.2,161.7,81.7,188.9,1,-1,-1,-1
141,19,821.1,113.9,98.2,254.3,1,-1,-1,-1
141,4,967.3,160.8,99.9,206.8,1,-1,-1,-1
141,37,1141.0,163.0,80.0,183.8,1,-1,-1,-1
142,19,844.7,110.4,98.6,257.6,1,-1,-1,-1
142,4,994.5,159.3,102.0,208.3,1,-1,-1,-1
142,37,1147.2,163.4,76.8,183.7,1,-1,-1,-1
143,19,863.9,112.0,97.7,255.8,1,-1,-1,-1
143,4,1009.9,160.5,103.2,207.2,1,-1,-1,-1
143,37,1154.5,179.5,69.5,180.5,1,-1,-1,-1
144,19,885.4,114.1,98.0,252.6,1,-1,-1,-1
144,4,1035.8,163.0,106.1,204.8,1,-1,-1,-1
144,37,1164.6,193.6,59.4,165.8,1,-1,-1,-1
144,181,556.6,140.9,18.2,42.9,1,-1,-1,-1
145,19,910.3,111.0,100.0,255.6,1,-1,-1,-1
145,4,1077.9,164.3,108.8,202.9,1,-1,-1,-1
145,181,556.9,140.8,18.0,42.6,1,-1,-1,-1
