1,1,392.8,177.5,148.8,235.6,1,-1,-1,-1
1,2,265.5,199.6,119.2,187.2,1,-1,-1,-1
1,3,203.3,204.2,51.8,140.1,1,-1,-1,-1
1,4,58.1,151.3,94.5,288.5,1,-1,-1,-1
1,5,133.1,204.9,71.9,161.4,1,-1,-1,-1
1,6,171.7,203.7,46.5,144.1,1,-1,-1,-1
2,1,394.9,177.8,149.4,236.5,1,-1,-1,-1
2,2,261.9,196.3,120.7,189.8,1,-1,-1,-1
2,3,206.0,204.5,51.9,140.6,1,-1,-1,-1
2,4,67.5,150.8,95.6,291.4,1,-1,-1,-1
2,5,135.2,204.5,72.8,163.9,1,-1,-1,-1
2,6,177.6,203.6,47.5,147.2,1,-1,-1,-1
3,1,399.5,178.8,149.5,236.5,1,-1,-1,-1
3,2,256.6,194.1,121.4,191.6,1,-1,-1,-1
3,3,210.4,204.2,51.8,141.2,1,-1,-1,-1
3,4,79.9,156.1,94.2,284.6,1,-1,-1,-1
3,5,139.7,207.0,70.9,160.4,1,-1,-1,-1
3,6,183.1,205.4,47.1,145.5,1,-1,-1,-1
4,1,403.6,178.2,150.6,238.4,1,-1,-1,-1
4,2,249.5,191.6,121.4,193.5,1,-1,-1,-1
4,3,215.8,203.1,51.5,142.0,1,-1,-1,-1
4,4,92.8,159.0,94.9,281.0,1,-1,-1,-1
4,5,145.4,206.9,70.2,159.7,1,-1,-1,-1
4,6,188.0,204.6,48.1,147.6,1,-1,-1,-1
5,1,408.3,178.5,150.2,238.6,1,-1,-1,-1
5,2,242.5,189.3,120.5,195.4,1,-1,-1,-1
5,3,222.2,202.2,51.1,142.9,1,-1,-1,-1
5,4,100.2,162.2,96.6,278.0,1,-1,-1,-1
5,6,192.6,205.6,47.5,144.4,1,-1,-1,-1
6,1,415.1,177.0,149.6,240.0,1,-1,-1,-1
6,2,234.8,188.0,118.3,197.0,1,-1,-1,-1
6,3,227.0,202.5,49.9,141.6,1,-1,-1,-1
6,4,105.0,169.5,97.6,270.3,1,-1,-1,-1
6,6,195.0,206.3,48.1,144.6,1,-1,-1,-1
6,11,75.7,212.5,25.2,81.8,1,-1,-1,-1
7,1,423.0,174.1,149.3,243.7,1,-1,-1,-1
7,2,228.2,190.0,113.6,195.1,1,-1,-1,-1
7,3,229.5,201.8,48.8,141.1,1,-1,-1,-1
7,4,106.4,170.7,101.3,269.6,1,-1,-1,-1
7,6,197.8,206.0,48.5,145.1,1,-1,-1,-1
7,15,72.5,212.4,23.0,27.7,1,-1,-1,-1
7,17,326.5,213.3,21.9,19.1,1,-1,-1,-1
8,1,432.7,170.7,147.8,247.4,1,-1,-1,-1
8,2,218.5,185.4,113.4,201.1,1,-1,-1,-1
8,3,228.6,205.6,47.5,139.5,1,-1,-1,-1
8,4,106.7,164.4,107.7,277.0,1,-1,-1,-1
8,6,200.0,206.8,48.3,143.9,1,-1,-1,-1
8,15,72.3,212.5,23.6,28.5,1,-1,-1,-1
8,17,326.8,213.5,21.4,18.7,1,-1,-1,-1
9,1,443.6,168.8,143.1,248.7,1,-1,-1,-1
9,2,214.5,186.1,109.3,200.3,1,-1,-1,-1
9,4,111.0,160.1,112.7,282.2,1,-1,-1,-1
9,6,199.5,204.8,48.3,145.8,1,-1,-1,-1
9,15,72.0,212.3,24.2,29.2,1,-1,-1,-1
9,17,326.2,213.1,21.7,18.9,1,-1,-1,-1
10,1,450.7,167.4,139.5,251.7,1,-1,-1,-1
10,2,205.9,184.8,108.4,201.5,1,-1,-1,-1
10,4,115.7,160.3,115.2,282.3,1,-1,-1,-1
10,6,203.4,207.5,46.9,144.3,1,-1,-1,-1
10,15,71.6,212.2,25.0,30.3,1,-1,-1,-1
10,17,327.2,213.7,21.1,18.4,1,-1,-1,-1
11,1,464.5,165.6,136.5,254.0,1,-1,-1,-1
11,2,206.1,185.0,106.0,200.8,1,-1,-1,-1
11,4,122.6,159.2,116.6,282.8,1,-1,-1,-1
11,6,202.8,205.4,53.3,169.9,1,-1,-1,-1
11,15,71.9,212.4,23.9,29.0,1,-1,-1,-1
11,17,328.1,213.4,21.1,18.5,1,-1,-1,-1
12,1,480.3,165.3,135.1,255.8,1,-1,-1,-1
12,2,207.7,188.7,101.3,196.0,1,-1,-1,-1
12,4,130.2,155.4,117.8,286.2,1,-1,-1,-1
12,15,72.3,212.5,23.3,28.3,1,-1,-1,-1
12,17,327.5,213.8,21.0,18.4,1,-1,-1,-1
12,29,271.7,209.6,48.9,134.9,1,-1,-1,-1
13,1,495.7,166.5,133.7,254.7,1,-1,-1,-1
13,2,209.9,189.9,98.3,194.5,1,-1,-1,-1
13,4,142.7,152.9,117.4,289.3,1,-1,-1,-1
13,15,72.4,212.5,23.2,28.1,1,-1,-1,-1
13,17,326.7,213.5,21.9,19.0,1,-1,-1,-1
13,29,271.0,208.0,49.7,137.2,1,-1,-1,-1
14,1,503.9,167.1,133.2,253.5,1,-1,-1,-1
14,2,206.2,160.7,109.1,224.1,1,-1,-1,-1
14,4,158.8,151.2,109.6,271.7,1,-1,-1,-1
14,15,72.0,212.3,23.8,29.0,1,-1,-1,-1
14,17,326.8,213.8,21.6,18.7,1,-1,-1,-1
14,29,269.6,205.8,50.6,139.5,1,-1,-1,-1
14,3,237.9,207.1,59.3,174.6,1,-1,-1,-1
15,1,508.0,169.9,132.0,252.0,1,-1,-1,-1
15,4,163.9,149.7,113.6,288.8,1,-1,-1,-1
15,15,72.2,212.3,23.7,28.9,1,-1,-1,-1
15,17,327.9,213.5,21.1,18.4,1,-1,-1,-1
15,29,271.0,204.2,51.1,141.1,1,-1,-1,-1
15,3,239.2,204.1,59.7,179.6,1,-1,-1,-1
16,1,510.3,170.4,129.7,254.0,1,-1,-1,-1
16,4,176.4,149.3,113.6,293.1,1,-1,-1,-1
16,15,72.1,212.5,23.8,29.0,1,-1,-1,-1
16,17,326.6,213.6,21.3,18.6,1,-1,-1,-1
16,29,276.7,202.9,51.0,142.3,1,-1,-1,-1
17,1,511.5,169.1,128.5,257.3,1,-1,-1,-1
17,4,184.8,151.0,110.5,289.8,1,-1,-1,-1
17,15,72.1,212.3,23.8,29.1,1,-1,-1,-1
17,17,326.1,213.4,22.4,19.5,1,-1,-1,-1
17,29,283.1,202.0,50.5,143.4,1,-1,-1,-1
17,5,156.7,193.7,78.1,191.5,1,-1,-1,-1
18,1,513.4,167.9,126.6,259.0,1,-1,-1,-1
18,4,199.5,153.2,113.1,291.4,1,-1,-1,-1
18,15,72.5,212.5,23.4,28.6,1,-1,-1,-1
18,17,327.2,213.4,22.6,19.8,1,-1,-1,-1
18,29,289.4,201.5,50.1,144.1,1,-1,-1,-1
18,5,160.3,190.2,75.9,196.4,1,-1,-1,-1
19,1,516.7,168.0,123.3,259.6,1,-1,-1,-1
19,4,209.5,160.5,114.9,287.1,1,-1,-1,-1
19,15,72.4,212.6,23.6,28.8,1,-1,-1,-1
19,29,296.9,202.4,50.6,143.8,1,-1,-1,-1
19,5,162.8,186.9,74.1,200.5,1,-1,-1,-1
20,1,521.6,166.9,118.4,260.3,1,-1,-1,-1
20,4,213.2,161.6,118.7,288.5,1,-1,-1,-1
20,15,72.1,212.5,23.8,29.0,1,-1,-1,-1
20,29,302.8,203.4,51.8,142.8,1,-1,-1,-1
20,5,162.5,183.6,71.8,203.6,1,-1,-1,-1
21,1,529.0,165.7,111.0,261.1,1,-1,-1,-1
21,4,216.7,162.0,122.9,288.4,1,-1,-1,-1
21,15,72.4,212.5,23.2,28.2,1,-1,-1,-1
21,29,308.5,204.5,53.2,141.9,1,-1,-1,-1
21,5,159.6,180.1,71.5,207.4,1,-1,-1,-1
21,44,2.4,174.9,22.7,233.6,1,-1,-1,-1
22,1,537.0,165.3,103.0,261.3,1,-1,-1,-1
22,4,217.9,163.7,126.8,289.4,1,-1,-1,-1
22,15,72.2,212.6,23.5,28.6,1,-1,-1,-1
22,29,313.7,205.3,54.1,140.5,1,-1,-1,-1
22,5,151.8,178.2,70.8,209.5,1,-1,-1,-1
22,44,3.7,177.9,23.0,234.7,1,-1,-1,-1
23,1,548.1,163.7,91.9,260.1,1,-1,-1,-1
23,4,221.4,161.8,130.8,292.0,1,-1,-1,-1
23,15,72.1,212.5,23.9,29.1,1,-1,-1,-1
23,29,319.4,206.5,54.8,140.3,1,-1,-1,-1
23,5,145.8,180.9,69.4,206.8,1,-1,-1,-1
23,44,5.5,178.8,23.5,236.0,1,-1,-1,-1
23,6,220.0,192.9,54.2,178.7,1,-1,-1,-1
24,1,558.8,160.9,81.2,263.6,1,-1,-1,-1
24,4,230.8,160.8,131.3,292.3,1,-1,-1,-1
24,15,72.2,212.5,23.6,28.6,1,-1,-1,-1
24,29,324.1,206.4,55.4,141.1,1,-1,-1,-1
24,5,135.3,182.4,70.6,205.0,1,-1,-1,-1
24,44,6.5,178.4,24.1,237.2,1,-1,-1,-1
24,6,228.3,191.7,54.0,179.1,1,-1,-1,-1
24,3,257.0,161.9,94.3,290.5,1,-1,-1,-1
25,1,566.3,158.7,73.7,267.6,1,-1,-1,-1
25,4,239.0,157.2,131.2,295.9,1,-1,-1,-1
25,15,72.2,212.7,23.4,28.3,1,-1,-1,-1
25,29,328.1,204.0,55.9,143.8,1,-1,-1,-1
25,5,121.1,181.9,74.8,204.9,1,-1,-1,-1
25,44,7.7,177.6,24.9,238.1,1,-1,-1,-1
25,6,235.0,192.6,55.6,179.5,1,-1,-1,-1
25,3,263.8,157.1,94.9,300.0,1,-1,-1,-1
26,1,573.6,157.0,66.4,270.5,1,-1,-1,-1
26,15,72.3,212.6,23.8,28.8,1,-1,-1,-1
26,29,332.4,205.0,54.5,142.4,1,-1,-1,-1
26,5,110.5,183.8,79.1,202.8,1,-1,-1,-1
26,44,8.7,176.2,26.0,239.2,1,-1,-1,-1
26,6,241.0,192.9,58.7,179.3,1,-1,-1,-1
26,3,265.7,156.7,96.2,299.7,1,-1,-1,-1
27,15,71.9,212.6,23.8,28.5,1,-1,-1,-1
27,29,338.3,204.2,52.8,142.7,1,-1,-1,-1
27,5,102.9,186.0,83.4,200.7,1,-1,-1,-1
27,44,10.8,174.6,27.6,241.0,1,-1,-1,-1
27,6,244.4,192.4,62.1,180.3,1,-1,-1,-1
27,3,274.3,157.6,95.4,298.5,1,-1,-1,-1
28,15,72.0,212.6,23.4,28.0,1,-1,-1,-1
28,29,344.6,203.8,51.2,143.1,1,-1,-1,-1
28,5,97.0,186.6,88.1,199.7,1,-1,-1,-1
28,44,13.3,172.0,29.9,243.9,1,-1,-1,-1
28,6,245.6,193.4,64.4,179.7,1,-1,-1,-1
28,3,287.4,149.7,96.0,307.5,1,-1,-1,-1
28,52,617.2,160.4,22.8,270.6,1,-1,-1,-1
28,53,175.2,214.0,24.0,31.3,1,-1,-1,-1
28,54,207.9,209.6,27.0,35.2,1,-1,-1,-1
29,15,71.9,212.8,23.2,27.7,1,-1,-1,-1
29,5,92.0,185.8,93.1,200.7,1,-1,-1,-1
29,44,15.9,170.4,32.5,244.8,1,-1,-1,-1
29,6,247.3,193.0,66.6,180.0,1,-1,-1,-1
29,3,297.0,148.6,95.9,310.1,1,-1,-1,-1
29,53,174.5,214.0,23.9,31.1,1,-1,-1,-1
29,54,207.4,210.0,26.7,34.8,1,-1,-1,-1
30,15,71.6,212.6,24.2,29.1,1,-1,-1,-1
30,5,87.8,185.0,97.0,201.9,1,-1,-1,-1
30,44,17.5,170.2,35.3,244.3,1,-1,-1,-1
30,6,251.9,193.2,68.2,180.0,1,-1,-1,-1
30,3,306.1,157.4,94.0,300.1,1,-1,-1,-1
30,53,175.6,214.3,23.6,30.9,1,-1,-1,-1
30,54,207.8,211.3,25.6,33.4,1,-1,-1,-1
30,56,256.1,192.6,52.0,83.4,1,-1,-1,-1
30,57,194.6,195.1,20.9,48.1,1,-1,-1,-1
30,29,362.5,208.6,47.9,136.1,1,-1,-1,-1
31,15,71.3,212.7,23.8,28.7,1,-1,-1,-1
31,5,84.2,183.9,99.4,202.9,1,-1,-1,-1
31,44,22.3,170.6,39.1,244.3,1,-1,-1,-1
31,6,255.4,195.1,69.1,178.0,1,-1,-1,-1
31,3,314.9,162.8,94.6,293.2,1,-1,-1,-1
31,54,208.1,212.1,25.4,32.8,1,-1,-1,-1
31,56,254.7,192.4,50.9,82.0,1,-1,-1,-1
31,57,191.5,196.0,20.8,47.8,1,-1,-1,-1
32,5,80.9,182.7,100.3,204.2,1,-1,-1,-1
32,44,31.8,196.7,41.5,218.5,1,-1,-1,-1
32,6,257.0,196.8,69.5,175.3,1,-1,-1,-1
32,54,209.5,213.2,24.3,31.3,1,-1,-1,-1
32,56,260.1,195.0,46.8,75.8,1,-1,-1,-1
32,57,186.7,196.4,21.3,48.0,1,-1,-1,-1
32,4,311.5,158.6,132.5,296.3,1,-1,-1,-1
33,5,72.9,181.4,103.6,213.4,1,-1,-1,-1
33,44,36.1,181.6,50.6,234.7,1,-1,-1,-1
33,6,266.5,196.7,71.5,176.1,1,-1,-1,-1
33,54,209.5,213.0,24.5,31.3,1,-1,-1,-1
33,57,183.9,196.7,21.9,48.2,1,-1,-1,-1
33,4,321.4,164.9,133.5,289.5,1,-1,-1,-1
34,5,62.7,180.5,105.9,222.6,1,-1,-1,-1
34,44,41.9,179.6,58.2,235.9,1,-1,-1,-1
34,6,272.6,196.5,72.5,176.7,1,-1,-1,-1
34,54,210.0,213.4,24.3,30.8,1,-1,-1,-1
34,57,184.0,197.1,22.1,47.3,1,-1,-1,-1
34,4,325.4,162.2,138.7,292.1,1,-1,-1,-1
35,5,31.7,179.7,113.3,232.1,1,-1,-1,-1
35,6,265.3,196.9,73.0,175.7,1,-1,-1,-1
35,54,209.7,213.3,24.7,30.9,1,-1,-1,-1
35,57,183.2,197.7,22.6,46.9,1,-1,-1,-1
35,4,328.2,162.1,143.1,292.3,1,-1,-1,-1
35,56,275.3,196.7,43.3,70.6,1,-1,-1,-1
36,5,20.3,178.5,118.5,237.0,1,-1,-1,-1
36,6,266.7,203.6,71.7,169.7,1,-1,-1,-1
36,54,208.6,213.9,24.9,30.5,1,-1,-1,-1
36,57,182.9,197.8,22.9,46.5,1,-1,-1,-1
36,4,332.2,162.4,146.8,293.6,1,-1,-1,-1
36,56,281.3,196.8,43.0,71.0,1,-1,-1,-1
37,5,17.2,177.7,121.9,239.4,1,-1,-1,-1
37,6,286.7,208.0,69.1,165.3,1,-1,-1,-1
37,57,182.2,197.9,23.4,46.5,1,-1,-1,-1
37,4,337.3,161.8,148.8,294.4,1,-1,-1,-1
37,56,285.0,196.6,42.2,70.1,1,-1,-1,-1
38,5,18.3,173.8,124.9,243.9,1,-1,-1,-1
38,6,293.6,209.6,68.4,164.4,1,-1,-1,-1
38,57,180.4,197.6,24.3,47.1,1,-1,-1,-1
38,4,343.2,160.2,149.4,296.3,1,-1,-1,-1
38,56,289.1,196.2,41.5,69.4,1,-1,-1,-1
39,5,23.7,173.3,124.3,243.8,1,-1,-1,-1
39,6,299.5,201.6,72.9,171.5,1,-1,-1,-1
39,57,179.2,197.1,25.0,47.1,1,-1,-1,-1
39,4,350.6,160.0,147.5,295.9,1,-1,-1,-1
39,83,395.9,157.4,82.8,302.0,1,-1,-1,-1
39,44,75.0,176.3,59.2,236.8,1,-1,-1,-1
40,5,5.7,176.0,112.4,227.5,1,-1,-1,-1
40,6,305.8,209.0,71.9,164.3,1,-1,-1,-1
40,57,178.3,196.5,26.2,47.8,1,-1,-1,-1
40,4,361.5,154.1,146.1,301.2,1,-1,-1,-1
40,44,71.0,174.8,64.8,239.7,1,-1,-1,-1
40,56,300.7,195.4,39.5,66.0,1,-1,-1,-1
41,5,0.0,177.2,112.1,229.5,1,-1,-1,-1
41,6,309.2,208.7,73.9,164.4,1,-1,-1,-1
41,57,170.7,196.3,28.1,48.2,1,-1,-1,-1
41,44,78.3,173.7,67.3,241.1,1,-1,-1,-1
41,56,303.0,194.3,41.3,70.3,1,-1,-1,-1
41,83,401.8,152.2,83.4,302.6,1,-1,-1,-1
42,5,0.0,178.6,108.4,223.7,1,-1,-1,-1
42,6,310.7,210.3,75.4,163.0,1,-1,-1,-1
42,44,89.1,172.2,68.2,242.5,1,-1,-1,-1
42,56,305.7,194.4,41.8,72.0,1,-1,-1,-1
42,83,415.5,151.9,83.9,304.2,1,-1,-1,-1
43,5,0.0,181.0,105.9,220.3,1,-1,-1,-1
43,6,311.7,212.0,76.5,161.8,1,-1,-1,-1
43,44,97.6,170.1,69.0,245.4,1,-1,-1,-1
43,56,309.1,195.2,42.6,73.5,1,-1,-1,-1
43,83,426.4,151.6,84.5,305.3,1,-1,-1,-1
44,5,0.0,181.4,103.9,219.1,1,-1,-1,-1
44,6,313.2,211.8,77.4,162.1,1,-1,-1,-1
44,44,106.0,170.5,69.9,245.8,1,-1,-1,-1
44,56,311.4,196.7,41.2,72.4,1,-1,-1,-1
44,83,435.4,151.0,85.2,306.5,1,-1,-1,-1
45,5,0.0,181.2,100.5,219.1,1,-1,-1,-1
45,6,316.0,213.0,77.4,160.9,1,-1,-1,-1
45,44,116.2,171.7,72.2,244.6,1,-1,-1,-1
45,83,444.0,151.4,86.5,306.0,1,-1,-1,-1
45,92,420.6,208.2,39.3,139.1,1,-1,-1,-1
45,93,72.6,213.1,23.9,81.6,1,-1,-1,-1
45,15,72.6,213.0,22.8,27.3,1,-1,-1,-1
46,5,0.0,180.7,94.0,219.7,1,-1,-1,-1
46,6,322.3,212.3,76.6,161.2,1,-1,-1,-1
46,44,124.8,173.5,75.9,242.2,1,-1,-1,-1
46,92,424.0,208.5,39.6,139.3,1,-1,-1,-1
46,93,72.3,213.3,23.8,81.4,1,-1,-1,-1
46,95,305.8,197.3,59.4,166.0,1,-1,-1,-1
46,15,72.2,213.0,23.6,28.4,1,-1,-1,-1
46,4,428.0,154.3,146.4,304.1,1,-1,-1,-1
47,5,0.0,178.0,87.1,222.5,1,-1,-1,-1
47,6,327.9,209.9,76.6,163.6,1,-1,-1,-1
47,44,130.9,174.6,81.0,240.9,1,-1,-1,-1
47,92,432.1,211.2,39.2,136.2,1,-1,-1,-1
47,95,307.5,197.7,59.5,166.4,1,-1,-1,-1
47,15,72.3,212.8,24.1,29.1,1,-1,-1,-1
47,4,437.3,154.5,147.8,303.0,1,-1,-1,-1
48,5,0.0,176.4,78.0,224.1,1,-1,-1,-1
48,6,327.7,204.6,78.5,169.1,1,-1,-1,-1
48,44,134.0,174.8,86.5,242.0,1,-1,-1,-1
48,92,440.5,209.2,40.4,137.8,1,-1,-1,-1
48,95,310.7,199.1,60.5,168.9,1,-1,-1,-1
48,15,72.4,212.7,23.8,28.9,1,-1,-1,-1
48,4,443.9,155.5,149.4,301.4,1,-1,-1,-1
49,5,0.0,177.6,66.9,223.1,1,-1,-1,-1
49,6,341.2,205.8,75.6,164.0,1,-1,-1,-1
49,44,135.6,176.6,91.2,242.1,1,-1,-1,-1
49,92,448.4,208.1,41.8,140.5,1,-1,-1,-1
49,95,321.5,200.0,61.3,168.3,1,-1,-1,-1
49,15,72.4,212.8,23.5,28.5,1,-1,-1,-1
49,4,449.0,156.3,152.1,301.4,1,-1,-1,-1
50,5,0.0,181.9,56.3,218.6,1,-1,-1,-1
50,6,355.4,218.4,68.1,149.3,1,-1,-1,-1
50,44,137.4,178.0,95.5,242.9,1,-1,-1,-1
50,92,457.9,207.3,42.8,142.3,1,-1,-1,-1
50,95,329.5,200.2,63.8,172.6,1,-1,-1,-1
50,15,72.5,212.7,23.6,28.6,1,-1,-1,-1
50,4,453.6,157.6,153.4,300.8,1,-1,-1,-1
50,17,323.9,212.3,23.6,21.4,1,-1,-1,-1
51,5,0.0,186.1,49.4,214.2,1,-1,-1,-1
51,6,355.3,208.7,71.8,161.5,1,-1,-1,-1
51,44,142.1,178.4,98.0,243.6,1,-1,-1,-1
51,92,467.6,206.7,43.4,144.1,1,-1,-1,-1
51,95,330.9,197.0,66.0,175.0,1,-1,-1,-1
51,15,72.5,212.8,23.7,28.8,1,-1,-1,-1
51,4,458.8,159.2,153.1,299.4,1,-1,-1,-1
51,17,324.4,213.1,22.9,20.4,1,-1,-1,-1
52,6,357.5,208.8,71.1,162.9,1,-1,-1,-1
52,44,149.6,177.7,99.0,245.4,1,-1,-1,-1
52,92,473.5,206.9,43.1,144.2,1,-1,-1,-1
52,95,330.2,196.4,64.9,170.9,1,-1,-1,-1
52,15,72.7,212.9,23.3,28.2,1,-1,-1,-1
52,4,467.2,158.0,152.3,300.8,1,-1,-1,-1
52,17,323.9,212.5,24.0,20.9,1,-1,-1,-1
53,6,364.3,208.6,72.2,164.3,1,-1,-1,-1
53,44,160.7,176.3,98.2,247.2,1,-1,-1,-1
53,92,480.3,206.2,43.6,145.0,1,-1,-1,-1
53,95,336.1,196.8,64.1,166.9,1,-1,-1,-1
53,15,72.7,212.9,22.9,27.8,1,-1,-1,-1
53,4,476.4,155.6,150.6,303.7,1,-1,-1,-1
53,17,323.9,212.4,24.4,21.0,1,-1,-1,-1
54,6,370.1,211.3,71.7,161.7,1,-1,-1,-1
54,44,175.8,175.3,96.0,248.5,1,-1,-1,-1
54,95,341.8,194.8,64.4,166.2,1,-1,-1,-1
54,15,72.4,213.0,23.4,28.3,1,-1,-1,-1
54,17,324.2,212.2,24.8,21.6,1,-1,-1,-1
54,29,485.8,224.7,49.1,126.0,1,-1,-1,-1
54,83,516.0,150.1,90.2,310.8,1,-1,-1,-1
55,6,371.8,212.2,72.1,160.5,1,-1,-1,-1
55,44,188.3,175.1,93.9,248.6,1,-1,-1,-1
55,95,347.5,195.4,65.6,168.3,1,-1,-1,-1
55,15,72.5,213.0,23.4,28.3,1,-1,-1,-1
55,17,324.7,212.8,23.8,20.8,1,-1,-1,-1
55,83,524.5,152.9,89.6,309.4,1,-1,-1,-1
55,56,358.1,195.9,41.1,73.8,1,-1,-1,-1
55,92,494.7,208.2,45.6,142.9,1,-1,-1,-1
56,6,371.1,214.4,72.5,158.7,1,-1,-1,-1
56,44,197.9,173.4,92.8,250.6,1,-1,-1,-1
56,95,352.8,194.8,67.4,174.2,1,-1,-1,-1
56,15,72.2,213.2,23.7,28.6,1,-1,-1,-1
56,17,323.3,212.4,24.9,21.6,1,-1,-1,-1
56,83,533.2,153.4,89.3,309.9,1,-1,-1,-1
56,56,362.5,195.8,41.8,75.4,1,-1,-1,-1
56,92,498.0,209.6,48.1,141.4,1,-1,-1,-1
57,6,374.1,213.8,73.1,159.8,1,-1,-1,-1
57,44,208.9,174.0,92.9,249.8,1,-1,-1,-1
57,95,355.1,193.9,67.0,175.6,1,-1,-1,-1
57,15,72.2,213.3,23.3,28.2,1,-1,-1,-1
57,17,324.0,212.9,24.1,21.0,1,-1,-1,-1
57,83,543.4,152.7,88.7,310.2,1,-1,-1,-1
57,56,368.6,195.3,42.4,75.0,1,-1,-1,-1
57,92,499.1,210.0,51.0,141.1,1,-1,-1,-1
58,6,376.0,210.9,74.2,163.3,1,-1,-1,-1
58,44,220.6,175.2,95.6,248.6,1,-1,-1,-1
58,95,363.8,195.4,67.1,177.5,1,-1,-1,-1
58,15,73.0,214.1,22.3,26.6,1,-1,-1,-1
58,17,323.5,212.4,24.9,21.8,1,-1,-1,-1
58,83,551.1,148.8,88.9,312.3,1,-1,-1,-1
58,56,371.5,195.8,41.5,74.7,1,-1,-1,-1
58,92,498.9,210.3,53.3,140.0,1,-1,-1,-1
58,106,356.1,211.4,16.6,29.9,1,-1,-1,-1
58,53,179.6,225.0,17.2,20.9,1,-1,-1,-1
59,6,382.8,210.2,72.0,162.8,1,-1,-1,-1
59,44,229.5,176.7,99.4,247.2,1,-1,-1,-1
59,95,363.5,195.4,63.9,173.4,1,-1,-1,-1
59,15,72.4,213.4,23.4,28.0,1,-1,-1,-1
59,17,323.5,212.7,24.2,21.4,1,-1,-1,-1
59,83,554.3,143.9,85.7,315.5,1,-1,-1,-1
59,92,501.6,210.8,55.6,139.5,1,-1,-1,-1
59,106,355.3,211.5,16.4,29.7,1,-1,-1,-1
59,108,139.1,217.7,21.2,24.9,1,-1,-1,-1
59,53,178.7,224.4,18.5,21.1,1,-1,-1,-1
60,6,388.1,210.4,69.9,162.2,1,-1,-1,-1
60,44,234.0,180.7,102.8,243.4,1,-1,-1,-1
60,95,364.4,197.8,61.1,169.3,1,-1,-1,-1
60,15,72.8,214.1,22.8,27.1,1,-1,-1,-1
60,17,323.2,212.5,24.5,21.7,1,-1,-1,-1
60,83,555.5,146.0,84.5,315.5,1,-1,-1,-1
60,92,504.4,210.3,57.1,140.0,1,-1,-1,-1
60,106,354.4,211.3,16.5,29.8,1,-1,-1,-1
60,108,140.1,217.5,20.7,24.2,1,-1,-1,-1
60,53,178.6,225.1,18.6,20.9,1,-1,-1,-1
61,6,392.8,211.8,67.6,160.2,1,-1,-1,-1
61,44,237.2,184.8,106.1,240.2,1,-1,-1,-1
61,95,370.1,199.8,60.6,167.6,1,-1,-1,-1
61,15,73.1,214.6,22.2,26.2,1,-1,-1,-1
61,17,323.3,212.4,24.5,21.9,1,-1,-1,-1
61,83,556.5,151.0,83.5,309.4,1,-1,-1,-1
61,92,510.8,208.9,58.1,141.9,1,-1,-1,-1
61,106,354.2,211.4,16.4,29.7,1,-1,-1,-1
61,108,139.6,217.4,20.6,24.2,1,-1,-1,-1
61,53,178.5,224.7,19.2,21.2,1,-1,-1,-1
61,112,211.7,214.1,24.6,29.7,1,-1,-1,-1
62,6,399.5,210.1,67.0,162.6,1,-1,-1,-1
62,44,241.0,185.2,109.7,240.5,1,-1,-1,-1
62,95,373.2,198.2,60.8,168.0,1,-1,-1,-1
62,15,73.0,215.1,22.2,26.0,1,-1,-1,-1
62,83,557.0,155.5,83.0,304.2,1,-1,-1,-1
62,92,517.5,208.1,57.3,142.4,1,-1,-1,-1
62,106,353.5,211.6,16.2,29.3,1,-1,-1,-1
62,108,139.7,214.7,22.8,26.6,1,-1,-1,-1
62,53,178.6,224.8,19.4,21.2,1,-1,-1,-1
63,6,405.0,209.1,66.4,164.5,1,-1,-1,-1
63,44,247.0,185.0,112.0,241.0,1,-1,-1,-1
63,95,379.3,198.8,62.1,167.8,1,-1,-1,-1
63,15,73.0,215.5,22.1,25.8,1,-1,-1,-1
63,83,559.1,173.8,80.9,286.2,1,-1,-1,-1
63,106,353.0,211.7,16.1,29.0,1,-1,-1,-1
63,108,140.3,216.8,21.7,25.1,1,-1,-1,-1
63,53,178.6,225.0,19.4,20.8,1,-1,-1,-1
63,29,528.3,208.8,50.8,142.9,1,-1,-1,-1
64,6,412.8,211.5,64.7,162.2,1,-1,-1,-1
64,44,256.3,185.4,111.9,240.4,1,-1,-1,-1
64,95,379.7,198.5,63.1,168.4,1,-1,-1,-1
64,15,72.9,215.2,22.7,26.3,1,-1,-1,-1
64,83,560.4,182.8,79.6,277.6,1,-1,-1,-1
64,108,139.8,214.6,22.9,26.4,1,-1,-1,-1
64,53,177.5,222.7,21.3,23.0,1,-1,-1,-1
64,29,535.0,207.0,48.9,145.1,1,-1,-1,-1
65,6,418.7,212.4,64.3,160.3,1,-1,-1,-1
65,44,268.8,183.4,110.2,242.0,1,-1,-1,-1
65,95,381.0,198.5,63.7,168.1,1,-1,-1,-1
65,15,72.7,215.1,23.1,26.7,1,-1,-1,-1
65,83,564.6,188.8,75.4,271.5,1,-1,-1,-1
65,108,138.6,215.5,22.5,26.0,1,-1,-1,-1
65,53,176.1,219.4,23.9,26.2,1,-1,-1,-1
65,29,539.8,207.4,48.5,144.1,1,-1,-1,-1
65,117,159.2,215.1,39.1,29.7,1,-1,-1,-1
66,6,425.8,213.2,65.9,159.7,1,-1,-1,-1
66,44,280.7,180.5,107.7,244.7,1,-1,-1,-1
66,95,381.2,199.2,63.3,167.4,1,-1,-1,-1
66,15,72.1,214.7,23.5,27.0,1,-1,-1,-1
66,83,574.1,203.9,65.9,256.0,1,-1,-1,-1
66,108,138.9,215.3,22.8,26.2,1,-1,-1,-1
66,53,175.6,218.2,24.7,27.4,1,-1,-1,-1
66,29,547.1,207.9,51.9,143.9,1,-1,-1,-1
66,117,155.9,215.5,38.3,29.2,1,-1,-1,-1
66,119,606.0,206.6,33.6,149.4,1,-1,-1,-1
66,56,403.5,198.9,37.6,69.4,1,-1,-1,-1
67,6,431.5,213.7,67.5,158.8,1,-1,-1,-1
67,44,294.7,177.7,105.0,247.7,1,-1,-1,-1
67,95,390.6,213.0,60.9,155.0,1,-1,-1,-1
67,15,72.4,215.0,23.0,26.3,1,-1,-1,-1
67,83,582.3,210.4,57.7,250.1,1,-1,-1,-1
67,108,138.9,215.3,22.1,25.3,1,-1,-1,-1
67,53,174.6,216.5,25.8,29.0,1,-1,-1,-1
67,29,552.8,209.1,55.6,142.8,1,-1,-1,-1
67,117,154.1,215.6,37.5,28.8,1,-1,-1,-1
68,6,432.3,214.5,70.1,159.4,1,-1,-1,-1
68,44,305.0,175.8,102.9,250.7,1,-1,-1,-1
68,95,395.3,207.5,63.9,160.0,1,-1,-1,-1
68,15,72.2,215.2,23.4,26.7,1,-1,-1,-1
68,108,139.5,215.5,22.4,25.4,1,-1,-1,-1
68,53,171.9,215.8,26.9,29.8,1,-1,-1,-1
68,29,555.9,211.5,58.8,140.1,1,-1,-1,-1
68,117,157.5,215.2,38.6,29.6,1,-1,-1,-1
68,112,211.7,213.3,25.0,30.4,1,-1,-1,-1
69,6,433.5,215.0,72.9,160.4,1,-1,-1,-1
69,44,318.8,175.1,102.4,251.1,1,-1,-1,-1
69,95,402.3,202.3,66.9,167.1,1,-1,-1,-1
69,15,72.3,215.2,23.3,26.6,1,-1,-1,-1
69,108,139.8,215.2,23.2,26.0,1,-1,-1,-1
69,53,173.6,215.0,27.0,30.4,1,-1,-1,-1
69,29,557.1,213.0,61.9,139.1,1,-1,-1,-1
69,117,154.7,215.1,37.5,29.2,1,-1,-1,-1
69,112,211.7,213.8,24.7,29.8,1,-1,-1,-1
70,6,437.4,215.0,74.2,161.0,1,-1,-1,-1
70,44,330.7,172.3,105.2,253.5,1,-1,-1,-1
70,95,408.6,198.4,68.5,171.5,1,-1,-1,-1
70,15,72.6,215.1,22.5,25.6,1,-1,-1,-1
70,53,174.2,215.4,26.4,30.1,1,-1,-1,-1
70,29,559.3,212.8,64.8,140.0,1,-1,-1,-1
70,117,157.5,215.5,37.4,29.1,1,-1,-1,-1
70,112,211.5,214.2,24.2,29.1,1,-1,-1,-1
70,56,420.4,197.0,42.0,76.5,1,-1,-1,-1
71,6,437.5,213.7,76.2,162.9,1,-1,-1,-1
71,44,339.7,174.3,107.7,251.5,1,-1,-1,-1
71,95,410.5,197.9,66.8,171.0,1,-1,-1,-1
71,15,72.4,215.3,22.9,26.0,1,-1,-1,-1
71,53,174.2,215.0,26.4,30.4,1,-1,-1,-1
71,29,561.7,211.7,66.6,141.5,1,-1,-1,-1
71,117,158.0,215.5,36.9,28.8,1,-1,-1,-1
71,112,211.3,213.9,24.3,29.3,1,-1,-1,-1
71,56,422.3,196.9,40.6,74.6,1,-1,-1,-1
