1,1,576.9,83.1,62.9,199.4,1,-1,-1,-1
1,2,171.9,96.4,81.6,226.5,1,-1,-1,-1
1,3,99.5,98.3,65.7,221.6,1,-1,-1,-1
1,4,437.5,91.9,86.9,238.5,1,-1,-1,-1
1,5,348.5,81.1,93.5,247.4,1,-1,-1,-1
1,6,516.4,112.3,44.4,124.8,1,-1,-1,-1
1,7,325.3,135.3,26.5,82.6,1,-1,-1,-1
1,8,178.9,94.4,33.9,76.8,1,-1,-1,-1
2,1,576.2,83.6,62.6,198.4,1,-1,-1,-1
2,2,175.9,94.9,81.2,225.9,1,-1,-1,-1
2,3,93.2,100.2,65.3,220.0,1,-1,-1,-1
2,4,441.1,91.4,87.0,238.9,1,-1,-1,-1
2,5,352.1,81.0,93.9,248.1,1,-1,-1,-1
2,6,516.1,112.6,44.3,124.4,1,-1,-1,-1
2,7,326.6,141.6,24.2,75.3,1,-1,-1,-1
2,8,181.2,94.8,34.8,78.8,1,-1,-1,-1
3,1,575.9,83.9,62.6,198.1,1,-1,-1,-1
3,2,182.4,92.9,81.3,227.3,1,-1,-1,-1
3,3,84.8,100.7,65.5,219.1,1,-1,-1,-1
3,4,443.5,89.9,87.2,239.8,1,-1,-1,-1
3,5,356.9,81.0,94.2,248.6,1,-1,-1,-1
3,6,516.1,112.5,43.8,123.1,1,-1,-1,-1
3,7,325.8,137.7,25.4,79.3,1,-1,-1,-1
3,8,168.2,95.0,61.0,139.9,1,-1,-1,-1
4,1,575.3,84.9,62.4,197.0,1,-1,-1,-1
4,2,188.8,91.9,81.2,227.6,1,-1,-1,-1
4,3,75.7,102.8,65.7,217.5,1,-1,-1,-1
4,4,446.1,89.1,87.0,240.0,1,-1,-1,-1
4,5,359.4,82.4,93.7,247.4,1,-1,-1,-1
4,6,516.8,113.2,43.3,121.6,1,-1,-1,-1
4,7,324.7,133.5,26.9,83.8,1,-1,-1,-1
4,8,164.1,94.8,69.4,161.6,1,-1,-1,-1
5,1,574.8,86.0,62.3,195.8,1,-1,-1,-1
5,2,196.7,91.1,81.1,227.8,1,-1,-1,-1
5,3,69.7,103.8,66.9,217.6,1,-1,-1,-1
5,4,446.1,89.2,85.1,236.5,1,-1,-1,-1
5,5,364.2,83.7,93.2,245.2,1,-1,-1,-1
5,6,515.4,113.4,43.4,121.7,1,-1,-1,-1
5,8,163.4,94.8,71.5,169.7,1,-1,-1,-1
6,1,573.0,86.6,62.5,195.1,1,-1,-1,-1
6,2,203.4,90.8,81.4,228.7,1,-1,-1,-1
6,3,64.7,104.0,68.3,218.1,1,-1,-1,-1
6,4,448.4,88.2,84.1,235.2,1,-1,-1,-1
6,5,365.7,84.1,92.9,244.3,1,-1,-1,-1
6,6,512.8,113.9,43.5,121.2,1,-1,-1,-1
6,8,164.5,95.2,70.6,171.0,1,-1,-1,-1
7,1,571.3,87.4,63.0,194.3,1,-1,-1,-1
7,2,209.5,91.9,81.0,227.2,1,-1,-1,-1
7,3,60.2,103.8,69.8,219.1,1,-1,-1,-1
7,4,453.1,87.2,83.9,235.7,1,-1,-1,-1
7,5,367.9,85.5,92.0,241.6,1,-1,-1,-1
7,6,513.8,114.5,43.1,120.2,1,-1,-1,-1
7,8,166.0,95.5,69.0,170.1,1,-1,-1,-1
8,1,567.9,88.0,63.4,194.1,1,-1,-1,-1
8,2,216.4,93.6,80.6,225.6,1,-1,-1,-1
8,3,55.8,103.1,70.8,220.5,1,-1,-1,-1
8,4,457.6,86.6,83.7,236.1,1,-1,-1,-1
8,5,369.1,86.1,91.7,240.8,1,-1,-1,-1
8,6,513.4,113.1,43.2,120.8,1,-1,-1,-1
8,8,167.7,95.6,67.1,168.8,1,-1,-1,-1
9,1,563.9,88.4,63.3,193.7,1,-1,-1,-1
9,2,223.1,95.1,80.2,222.4,1,-1,-1,-1
9,3,51.3,102.2,71.0,221.3,1,-1,-1,-1
9,4,461.3,86.6,83.1,235.9,1,-1,-1,-1
9,5,371.3,85.8,91.8,241.4,1,-1,-1,-1
9,8,169.3,96.0,64.9,166.5,1,-1,-1,-1
10,1,562.1,88.2,63.4,194.3,1,-1,-1,-1
10,2,228.3,96.8,80.6,221.3,1,-1,-1,-1
10,3,44.8,101.9,70.6,221.7,1,-1,-1,-1
10,4,467.5,86.7,82.8,235.3,1,-1,-1,-1
10,5,372.3,85.1,91.7,241.5,1,-1,-1,-1
10,8,170.2,96.4,62.9,164.5,1,-1,-1,-1
10,10,610.5,111.6,29.0,127.9,1,-1,-1,-1
11,1,559.9,87.6,63.3,194.4,1,-1,-1,-1
11,2,230.8,97.9,81.2,220.7,1,-1,-1,-1
11,3,38.1,100.6,70.1,222.8,1,-1,-1,-1
11,4,471.6,87.5,82.4,234.4,1,-1,-1,-1
11,5,374.6,83.6,91.1,240.9,1,-1,-1,-1
11,8,170.8,96.6,61.3,163.4,1,-1,-1,-1
11,10,609.7,111.3,29.1,128.1,1,-1,-1,-1
12,1,556.7,87.1,63.2,194.7,1,-1,-1,-1
12,2,233.9,98.0,81.6,220.3,1,-1,-1,-1
12,3,31.8,99.8,69.7,224.1,1,-1,-1,-1
12,4,475.4,88.2,83.1,234.9,1,-1,-1,-1
12,5,375.9,82.3,90.6,240.2,1,-1,-1,-1
12,8,171.2,96.5,59.9,162.6,1,-1,-1,-1
12,10,608.7,111.2,29.2,128.0,1,-1,-1,-1
13,1,554.7,87.2,62.8,194.2,1,-1,-1,-1
13,2,237.7,97.1,81.6,219.8,1,-1,-1,-1
13,3,26.2,99.0,69.2,225.2,1,-1,-1,-1
13,4,479.2,89.0,83.4,234.6,1,-1,-1,-1
13,5,378.3,80.9,90.1,240.3,1,-1,-1,-1
13,8,171.8,96.0,58.6,162.6,1,-1,-1,-1
13,10,607.0,104.8,26.6,114.0,1,-1,-1,-1
14,1,553.1,86.5,62.4,194.0,1,-1,-1,-1
14,2,241.7,95.2,80.7,217.9,1,-1,-1,-1
14,3,18.0,99.1,69.2,225.3,1,-1,-1,-1
14,4,483.0,90.9,83.0,231.6,1,-1,-1,-1
14,5,380.6,80.2,89.9,240.4,1,-1,-1,-1
14,8,172.0,95.7,57.5,162.5,1,-1,-1,-1
14,10,605.6,108.1,29.2,123.4,1,-1,-1,-1
15,1,550.8,86.7,61.8,192.9,1,-1,-1,-1
15,2,244.7,93.4,80.4,217.7,1,-1,-1,-1
15,3,9.9,99.6,70.0,225.0,1,-1,-1,-1
15,4,486.0,91.8,83.6,230.4,1,-1,-1,-1
15,5,383.3,79.9,89.5,240.7,1,-1,-1,-1
15,8,172.4,95.4,56.4,162.5,1,-1,-1,-1
15,10,604.5,107.9,30.6,127.5,1,-1,-1,-1
16,1,548.3,86.7,60.9,190.2,1,-1,-1,-1
16,2,246.8,91.7,80.3,219.1,1,-1,-1,-1
16,3,5.0,99.9,71.4,225.7,1,-1,-1,-1
16,4,486.2,91.8,84.0,230.4,1,-1,-1,-1
16,5,386.4,80.1,88.8,240.0,1,-1,-1,-1
16,8,172.9,95.3,55.3,162.2,1,-1,-1,-1
16,10,602.7,107.5,31.8,129.7,1,-1,-1,-1
17,1,546.9,86.4,60.6,190.7,1,-1,-1,-1
17,2,249.2,91.1,79.8,219.7,1,-1,-1,-1
17,3,2.5,100.8,73.6,230.0,1,-1,-1,-1
17,4,486.6,91.8,83.9,229.7,1,-1,-1,-1
17,5,390.3,81.1,88.2,239.1,1,-1,-1,-1
17,8,173.1,95.0,54.2,162.0,1,-1,-1,-1
17,10,601.4,107.4,32.8,130.6,1,-1,-1,-1
18,1,546.1,88.0,59.4,190.8,1,-1,-1,-1
18,2,251.8,90.8,78.9,219.7,1,-1,-1,-1
18,3,0.2,100.5,77.5,240.9,1,-1,-1,-1
18,4,487.4,91.4,83.9,229.3,1,-1,-1,-1
18,5,394.0,83.1,87.5,237.4,1,-1,-1,-1
18,8,173.1,95.0,53.0,161.1,1,-1,-1,-1
18,10,599.4,107.3,34.0,131.4,1,-1,-1,-1
19,1,545.6,89.1,58.4,190.3,1,-1,-1,-1
19,2,255.9,91.1,78.2,219.6,1,-1,-1,-1
19,3,0.0,100.3,78.1,244.2,1,-1,-1,-1
19,4,488.7,90.2,84.0,230.5,1,-1,-1,-1
19,5,399.2,84.7,87.4,235.8,1,-1,-1,-1
19,8,173.6,95.0,52.0,160.6,1,-1,-1,-1
19,10,598.2,106.8,35.3,132.7,1,-1,-1,-1
20,1,547.1,89.2,57.4,190.8,1,-1,-1,-1
20,2,261.0,92.5,77.9,218.0,1,-1,-1,-1
20,3,0.0,100.8,76.8,240.6,1,-1,-1,-1
20,4,492.8,89.6,83.8,230.2,1,-1,-1,-1
20,5,403.2,85.7,87.4,235.0,1,-1,-1,-1
20,8,173.9,94.8,51.1,160.5,1,-1,-1,-1
20,10,597.3,107.8,36.1,131.6,1,-1,-1,-1
21,1,550.9,89.4,51.6,174.5,1,-1,-1,-1
21,2,267.2,95.0,77.4,215.7,1,-1,-1,-1
21,3,0.0,100.5,73.9,233.4,1,-1,-1,-1
21,4,499.8,88.9,83.1,228.0,1,-1,-1,-1
21,5,405.1,85.6,87.6,235.0,1,-1,-1,-1
21,8,174.0,94.7,50.3,160.3,1,-1,-1,-1
21,10,595.5,108.9,37.2,131.1,1,-1,-1,-1
22,2,271.4,96.7,76.7,213.2,1,-1,-1,-1
22,3,0.0,100.2,69.0,229.5,1,-1,-1,-1
22,4,504.2,87.5,82.9,228.0,1,-1,-1,-1
22,5,408.5,86.9,87.2,233.1,1,-1,-1,-1
22,8,174.5,94.5,49.6,160.2,1,-1,-1,-1
22,10,594.6,109.8,38.2,131.1,1,-1,-1,-1
23,2,272.6,98.0,76.2,212.0,1,-1,-1,-1
23,3,0.0,98.8,62.1,227.0,1,-1,-1,-1
23,4,507.8,86.6,83.2,228.4,1,-1,-1,-1
23,5,408.3,87.2,86.7,232.2,1,-1,-1,-1
23,8,174.8,94.4,48.9,160.2,1,-1,-1,-1
23,10,591.9,109.9,39.6,131.2,1,-1,-1,-1
23,13,478.8,113.1,37.4,33.2,1,-1,-1,-1
24,2,274.2,98.7,75.8,210.7,1,-1,-1,-1
24,3,0.0,80.8,57.4,244.9,1,-1,-1,-1
24,4,509.8,86.6,83.1,228.2,1,-1,-1,-1
24,5,412.6,87.1,87.0,230.7,1,-1,-1,-1
24,8,175.3,94.4,48.2,160.0,1,-1,-1,-1
24,10,590.5,110.1,40.6,131.3,1,-1,-1,-1
24,13,480.0,112.3,38.4,34.2,1,-1,-1,-1
25,2,276.9,98.4,75.6,210.2,1,-1,-1,-1
25,4,512.4,87.1,83.2,228.9,1,-1,-1,-1
25,5,414.7,85.5,87.7,232.0,1,-1,-1,-1
25,8,175.2,94.4,47.6,159.5,1,-1,-1,-1
25,10,590.9,110.7,41.4,130.9,1,-1,-1,-1
25,13,481.2,112.8,37.6,33.7,1,-1,-1,-1
26,2,280.5,98.1,74.4,207.9,1,-1,-1,-1
26,4,512.7,87.3,84.1,228.8,1,-1,-1,-1
26,5,419.8,84.1,88.8,232.8,1,-1,-1,-1
26,8,175.5,94.4,47.1,159.9,1,-1,-1,-1
26,10,589.2,110.4,41.6,131.1,1,-1,-1,-1
26,13,481.4,112.4,37.2,33.7,1,-1,-1,-1
26,16,0.0,65.9,25.2,256.3,1,-1,-1,-1
27,2,286.4,96.8,73.9,207.4,1,-1,-1,-1
27,4,517.2,88.1,83.6,226.9,1,-1,-1,-1
27,5,424.3,82.9,89.0,231.2,1,-1,-1,-1
27,8,175.9,94.6,46.5,159.4,1,-1,-1,-1
27,10,589.5,110.4,42.0,131.1,1,-1,-1,-1
27,13,481.0,112.4,36.5,33.5,1,-1,-1,-1
27,16,1.3,64.0,22.8,224.7,1,-1,-1,-1
27,17,499.6,93.1,45.4,190.9,1,-1,-1,-1
28,2,292.5,94.8,73.8,208.5,1,-1,-1,-1
28,4,522.3,90.1,82.9,223.9,1,-1,-1,-1
28,5,428.5,82.1,89.4,231.3,1,-1,-1,-1
28,8,175.8,94.8,46.0,159.5,1,-1,-1,-1
28,10,586.4,109.2,42.2,132.7,1,-1,-1,-1
28,13,479.9,112.1,37.1,34.9,1,-1,-1,-1
28,17,499.6,93.1,44.5,186.6,1,-1,-1,-1
28,6,499.1,95.1,59.6,185.0,1,-1,-1,-1
29,2,298.9,93.0,73.6,209.5,1,-1,-1,-1
29,4,525.5,91.5,82.4,222.2,1,-1,-1,-1
29,5,430.3,81.3,88.8,231.6,1,-1,-1,-1
29,8,175.5,95.6,45.5,158.6,1,-1,-1,-1
29,10,585.7,109.6,41.7,131.7,1,-1,-1,-1
29,17,499.6,92.6,44.5,186.0,1,-1,-1,-1
30,2,304.9,92.8,73.8,209.2,1,-1,-1,-1
30,4,528.5,92.0,82.4,221.9,1,-1,-1,-1
30,5,436.7,81.4,88.8,230.7,1,-1,-1,-1
30,8,175.6,95.2,45.2,158.7,1,-1,-1,-1
30,10,588.9,109.7,42.2,131.2,1,-1,-1,-1
30,17,500.7,92.9,44.5,185.8,1,-1,-1,-1
31,2,309.4,92.5,73.8,209.4,1,-1,-1,-1
31,4,532.7,92.7,81.9,221.3,1,-1,-1,-1
31,5,439.7,81.2,88.8,230.4,1,-1,-1,-1
31,8,175.6,95.3,44.8,158.4,1,-1,-1,-1
31,10,588.3,109.5,41.3,128.9,1,-1,-1,-1
31,17,501.8,93.6,44.9,188.6,1,-1,-1,-1
31,6,495.9,93.8,59.5,186.8,1,-1,-1,-1
32,2,314.4,93.3,73.5,208.6,1,-1,-1,-1
32,4,536.0,93.1,81.3,221.0,1,-1,-1,-1
32,5,441.1,81.9,88.2,229.9,1,-1,-1,-1
32,8,175.6,95.7,44.5,158.2,1,-1,-1,-1
32,10,589.7,108.3,42.4,131.4,1,-1,-1,-1
32,17,508.8,93.4,33.9,138.3,1,-1,-1,-1
32,6,499.0,92.9,60.8,186.5,1,-1,-1,-1
33,2,319.4,95.1,72.9,206.8,1,-1,-1,-1
33,4,539.0,92.4,80.8,221.4,1,-1,-1,-1
33,5,444.9,83.6,87.8,228.2,1,-1,-1,-1
33,8,175.7,95.9,44.2,157.7,1,-1,-1,-1
33,6,498.8,94.6,60.9,184.5,1,-1,-1,-1
34,2,323.7,97.2,72.5,204.6,1,-1,-1,-1
34,4,541.9,92.0,80.0,221.3,1,-1,-1,-1
34,5,449.4,84.9,87.8,226.9,1,-1,-1,-1
34,8,175.8,96.5,43.9,157.3,1,-1,-1,-1
34,6,497.1,94.2,60.0,183.6,1,-1,-1,-1
35,2,326.0,99.1,72.2,202.2,1,-1,-1,-1
35,4,547.4,90.3,80.1,221.8,1,-1,-1,-1
35,5,452.4,85.9,87.7,226.0,1,-1,-1,-1
35,8,176.0,96.4,43.7,157.4,1,-1,-1,-1
35,6,498.2,98.6,56.9,178.1,1,-1,-1,-1
36,2,327.7,98.9,72.8,202.1,1,-1,-1,-1
36,4,550.3,89.2,79.1,221.2,1,-1,-1,-1
36,5,454.5,87.9,87.3,224.0,1,-1,-1,-1
36,8,176.0,96.6,43.5,156.9,1,-1,-1,-1
36,6,495.9,97.4,56.7,181.2,1,-1,-1,-1
37,2,330.6,98.5,73.2,202.4,1,-1,-1,-1
37,4,555.1,88.4,79.0,220.7,1,-1,-1,-1
37,5,456.8,89.1,86.9,221.9,1,-1,-1,-1
37,8,176.2,97.2,43.2,156.2,1,-1,-1,-1
37,6,497.1,92.6,46.6,142.3,1,-1,-1,-1
38,2,335.4,97.9,73.2,202.5,1,-1,-1,-1
38,4,556.9,87.4,78.9,221.1,1,-1,-1,-1
38,5,458.8,90.4,86.6,220.2,1,-1,-1,-1
38,8,176.2,98.0,42.8,155.5,1,-1,-1,-1
38,6,498.5,91.0,42.3,126.1,1,-1,-1,-1
38,20,447.4,108.7,27.9,114.3,1,-1,-1,-1
39,2,340.6,96.6,72.8,202.0,1,-1,-1,-1
39,4,559.1,87.5,78.4,220.8,1,-1,-1,-1
39,5,461.2,89.5,86.7,220.4,1,-1,-1,-1
39,8,176.0,97.7,43.0,156.2,1,-1,-1,-1
39,20,446.1,108.5,28.0,114.9,1,-1,-1,-1
40,2,344.6,94.9,72.4,202.4,1,-1,-1,-1
40,4,562.4,87.9,77.6,220.0,1,-1,-1,-1
40,5,462.9,88.2,86.2,219.3,1,-1,-1,-1
40,8,175.8,96.8,43.0,156.9,1,-1,-1,-1
40,20,445.5,108.3,27.8,114.2,1,-1,-1,-1
41,2,347.2,93.6,71.8,202.7,1,-1,-1,-1
41,4,564.4,88.4,75.6,219.9,1,-1,-1,-1
41,5,465.8,87.1,86.1,219.4,1,-1,-1,-1
41,8,175.7,96.0,43.1,158.0,1,-1,-1,-1
41,20,445.2,108.8,27.8,114.5,1,-1,-1,-1
42,2,349.4,93.0,71.1,202.3,1,-1,-1,-1
42,4,565.5,89.0,74.5,218.9,1,-1,-1,-1
42,5,468.0,85.9,86.3,220.2,1,-1,-1,-1
42,8,175.5,95.5,43.0,158.2,1,-1,-1,-1
42,20,443.5,108.4,30.1,124.3,1,-1,-1,-1
43,2,352.7,93.0,70.1,201.3,1,-1,-1,-1
43,4,568.6,91.0,71.4,216.6,1,-1,-1,-1
43,5,466.9,85.0,87.3,221.1,1,-1,-1,-1
43,8,175.5,95.7,42.8,158.0,1,-1,-1,-1
43,20,442.1,109.2,31.1,129.4,1,-1,-1,-1
44,2,356.6,93.7,69.3,200.5,1,-1,-1,-1
44,4,571.0,92.6,69.0,215.6,1,-1,-1,-1
44,5,466.6,84.7,88.0,220.1,1,-1,-1,-1
44,8,175.5,95.6,42.6,157.8,1,-1,-1,-1
44,20,441.0,110.4,31.1,129.9,1,-1,-1,-1
45,2,362.8,94.4,69.5,200.2,1,-1,-1,-1
45,4,572.8,94.2,67.2,213.7,1,-1,-1,-1
45,5,468.2,84.4,88.9,220.2,1,-1,-1,-1
45,8,175.4,95.3,42.6,158.2,1,-1,-1,-1
45,20,439.6,110.6,30.9,129.6,1,-1,-1,-1
46,2,368.5,96.4,69.2,197.7,1,-1,-1,-1
46,4,573.7,93.5,66.3,214.3,1,-1,-1,-1
46,5,475.8,85.4,87.9,219.2,1,-1,-1,-1
46,8,175.3,95.2,42.5,158.2,1,-1,-1,-1
46,20,438.6,110.6,30.8,129.3,1,-1,-1,-1
46,23,459.7,95.1,38.6,181.1,1,-1,-1,-1
47,2,371.7,98.2,69.2,195.9,1,-1,-1,-1
47,4,573.4,83.3,66.6,224.3,1,-1,-1,-1
47,5,484.5,88.9,86.9,216.1,1,-1,-1,-1
47,8,175.3,95.3,42.4,158.2,1,-1,-1,-1
47,20,436.8,111.5,30.5,128.2,1,-1,-1,-1
47,23,458.8,95.7,38.3,179.3,1,-1,-1,-1
48,2,373.5,99.3,69.1,194.8,1,-1,-1,-1
48,4,574.0,78.2,66.0,229.3,1,-1,-1,-1
48,5,490.1,87.9,88.2,217.4,1,-1,-1,-1
48,8,175.5,95.6,42.2,158.0,1,-1,-1,-1
48,20,435.7,112.1,30.2,127.7,1,-1,-1,-1
48,23,457.6,95.1,38.5,179.4,1,-1,-1,-1
49,2,374.7,100.0,68.8,193.6,1,-1,-1,-1
49,4,576.6,79.8,63.4,227.9,1,-1,-1,-1
49,5,494.5,88.0,88.8,217.3,1,-1,-1,-1
49,8,175.6,95.5,42.1,157.9,1,-1,-1,-1
49,20,433.4,112.0,30.1,127.5,1,-1,-1,-1
49,23,457.0,94.5,39.1,180.5,1,-1,-1,-1
50,2,375.8,99.8,68.7,193.4,1,-1,-1,-1
50,4,579.9,85.5,60.1,220.3,1,-1,-1,-1
50,5,497.4,88.9,89.1,216.1,1,-1,-1,-1
50,8,175.6,95.1,42.1,158.5,1,-1,-1,-1
50,20,432.2,111.8,29.5,126.9,1,-1,-1,-1
50,23,455.3,93.3,39.5,180.7,1,-1,-1,-1
51,2,378.6,98.4,68.9,194.0,1,-1,-1,-1
51,4,582.4,87.7,57.6,216.2,1,-1,-1,-1
51,5,499.3,89.6,89.3,214.6,1,-1,-1,-1
51,8,175.4,94.9,42.0,158.3,1,-1,-1,-1
51,20,429.6,111.4,30.1,132.2,1,-1,-1,-1
51,23,453.5,93.4,40.2,180.4,1,-1,-1,-1
52,2,384.2,97.4,68.6,193.5,1,-1,-1,-1
52,4,583.9,88.1,56.1,215.1,1,-1,-1,-1
52,5,500.3,89.6,90.0,214.8,1,-1,-1,-1
52,8,175.6,95.0,41.8,157.9,1,-1,-1,-1
52,23,450.7,93.1,41.1,180.6,1,-1,-1,-1
53,2,391.0,95.6,68.5,194.5,1,-1,-1,-1
53,4,585.2,88.1,54.8,213.4,1,-1,-1,-1
53,5,504.0,89.0,91.2,215.1,1,-1,-1,-1
53,8,175.5,95.0,41.7,157.7,1,-1,-1,-1
53,23,450.9,92.8,41.9,181.6,1,-1,-1,-1
54,2,397.0,94.3,68.2,195.4,1,-1,-1,-1
54,4,586.5,87.4,53.5,213.1,1,-1,-1,-1
54,5,506.4,88.7,91.9,215.2,1,-1,-1,-1
54,8,175.4,94.6,41.7,158.1,1,-1,-1,-1
54,23,449.3,93.0,42.4,182.1,1,-1,-1,-1
55,2,401.3,93.9,68.0,195.6,1,-1,-1,-1
55,4,587.9,87.4,52.1,213.7,1,-1,-1,-1
55,5,508.2,88.3,91.8,214.8,1,-1,-1,-1
55,8,175.4,94.4,41.8,158.7,1,-1,-1,-1
55,23,447.8,93.3,43.0,182.5,1,-1,-1,-1
56,2,406.1,93.6,67.9,196.0,1,-1,-1,-1
56,4,589.0,89.5,51.0,212.1,1,-1,-1,-1
56,5,511.2,87.6,91.2,213.6,1,-1,-1,-1
56,8,175.1,94.2,42.0,159.6,1,-1,-1,-1
56,23,446.7,93.9,43.4,184.4,1,-1,-1,-1
57,2,411.1,94.8,67.2,193.5,1,-1,-1,-1
57,4,595.7,90.7,44.3,211.8,1,-1,-1,-1
57,5,513.7,87.5,89.3,212.2,1,-1,-1,-1
57,8,174.7,93.9,41.9,159.2,1,-1,-1,-1
57,23,445.3,95.6,43.4,184.7,1,-1,-1,-1
57,10,581.6,110.8,41.6,130.6,1,-1,-1,-1
58,2,415.5,95.7,67.0,191.2,1,-1,-1,-1
58,4,599.3,101.7,40.7,200.9,1,-1,-1,-1
58,5,518.0,86.9,87.8,212.3,1,-1,-1,-1
58,8,174.8,94.0,41.8,158.7,1,-1,-1,-1
58,10,583.3,115.1,40.5,126.3,1,-1,-1,-1
59,2,415.5,97.0,68.0,191.6,1,-1,-1,-1
59,4,602.7,105.7,37.3,197.5,1,-1,-1,-1
59,5,523.6,86.1,87.4,212.9,1,-1,-1,-1
59,8,174.7,94.0,41.8,158.6,1,-1,-1,-1
59,10,584.1,111.7,41.8,131.9,1,-1,-1,-1
60,2,418.9,98.0,67.9,190.5,1,-1,-1,-1
60,4,604.3,112.6,35.7,189.8,1,-1,-1,-1
60,5,527.6,85.7,86.6,213.3,1,-1,-1,-1
60,8,174.9,94.3,41.9,158.8,1,-1,-1,-1
60,10,584.5,109.5,39.5,129.3,1,-1,-1,-1
61,2,422.4,99.8,67.5,188.4,1,-1,-1,-1
61,4,607.7,113.6,32.3,188.1,1,-1,-1,-1
61,5,530.9,85.9,86.4,214.0,1,-1,-1,-1
61,8,175.1,94.3,42.0,158.2,1,-1,-1,-1
61,10,589.3,110.6,40.5,131.0,1,-1,-1,-1
62,2,426.6,100.4,67.4,187.5,1,-1,-1,-1
62,4,610.2,116.0,29.8,156.5,1,-1,-1,-1
62,5,533.9,86.8,85.4,213.5,1,-1,-1,-1
62,8,175.2,94.5,42.4,158.7,1,-1,-1,-1
62,10,591.4,109.8,40.2,132.4,1,-1,-1,-1
62,32,397.7,173.7,37.5,97.5,1,-1,-1,-1
62,33,615.1,116.9,24.9,150.0,1,-1,-1,-1
63,2,430.5,99.7,67.9,188.6,1,-1,-1,-1
63,4,608.1,117.0,31.2,141.0,1,-1,-1,-1
63,5,537.7,88.2,84.4,211.9,1,-1,-1,-1
63,8,175.2,94.6,42.6,158.9,1,-1,-1,-1
63,10,590.8,109.4,41.0,133.6,1,-1,-1,-1
63,33,616.4,117.4,23.6,151.0,1,-1,-1,-1
63,20,403.8,95.9,42.1,177.2,1,-1,-1,-1
64,2,433.1,98.6,68.2,188.7,1,-1,-1,-1
64,5,542.2,88.9,83.4,210.5,1,-1,-1,-1
64,8,175.2,94.5,42.8,158.5,1,-1,-1,-1
64,33,615.2,117.0,24.8,175.8,1,-1,-1,-1
64,20,401.9,94.9,44.0,179.4,1,-1,-1,-1
65,2,435.9,97.4,68.1,189.0,1,-1,-1,-1
65,5,544.9,90.2,82.0,208.4,1,-1,-1,-1
65,8,174.3,94.4,43.4,158.8,1,-1,-1,-1
65,20,403.9,93.7,48.0,182.9,1,-1,-1,-1
66,2,437.6,96.1,68.1,189.7,1,-1,-1,-1
66,5,549.1,90.5,81.7,207.9,1,-1,-1,-1
66,8,175.1,94.7,43.5,158.5,1,-1,-1,-1
66,20,402.8,93.2,50.0,181.5,1,-1,-1,-1
67,2,440.9,95.1,67.5,189.8,1,-1,-1,-1
67,5,551.0,90.8,81.1,208.0,1,-1,-1,-1
67,8,175.5,94.8,43.6,158.1,1,-1,-1,-1
67,20,401.2,92.7,51.6,180.7,1,-1,-1,-1
67,4,613.0,110.3,27.0,157.7,1,-1,-1,-1
68,2,443.9,94.0,66.4,188.7,1,-1,-1,-1
68,5,552.6,90.3,80.6,208.6,1,-1,-1,-1
68,8,175.8,94.8,43.7,157.9,1,-1,-1,-1
68,20,397.2,92.3,52.3,180.5,1,-1,-1,-1
68,4,615.2,108.2,24.8,162.3,1,-1,-1,-1
69,2,446.8,93.4,65.6,187.3,1,-1,-1,-1
69,5,554.5,89.1,80.2,208.7,1,-1,-1,-1
69,8,176.2,94.6,43.9,157.9,1,-1,-1,-1
69,20,394.7,92.0,53.1,180.2,1,-1,-1,-1
69,4,616.5,109.2,23.5,157.7,1,-1,-1,-1
70,2,449.0,93.4,65.8,188.9,1,-1,-1,-1
70,5,556.5,88.4,79.2,207.1,1,-1,-1,-1
70,8,176.1,94.7,44.1,157.8,1,-1,-1,-1
70,20,392.5,92.3,53.7,180.0,1,-1,-1,-1
70,4,615.7,107.2,24.3,159.0,1,-1,-1,-1
71,2,452.8,94.1,65.6,188.7,1,-1,-1,-1
71,5,558.7,86.6,78.5,206.6,1,-1,-1,-1
71,8,175.0,94.4,44.7,158.0,1,-1,-1,-1
71,20,389.5,92.5,54.1,179.7,1,-1,-1,-1
71,4,615.7,105.3,24.3,159.6,1,-1,-1,-1
72,2,456.0,95.3,65.1,187.2,1,-1,-1,-1
72,5,561.9,85.3,78.1,208.0,1,-1,-1,-1
72,8,176.2,93.9,44.9,158.4,1,-1,-1,-1
72,20,387.2,92.8,54.3,179.3,1,-1,-1,-1
72,4,616.7,106.1,23.3,157.8,1,-1,-1,-1
73,2,457.8,96.1,64.6,186.4,1,-1,-1,-1
73,5,564.5,85.0,75.5,208.4,1,-1,-1,-1
73,8,177.1,93.8,45.4,158.3,1,-1,-1,-1
73,20,385.2,93.8,54.4,178.2,1,-1,-1,-1
73,4,616.1,108.0,23.9,164.6,1,-1,-1,-1
74,2,460.7,97.4,63.7,184.5,1,-1,-1,-1
74,5,566.3,85.7,73.7,207.8,1,-1,-1,-1
74,8,177.5,93.9,45.8,158.1,1,-1,-1,-1
74,20,382.8,94.9,54.3,177.1,1,-1,-1,-1
74,4,615.9,108.4,24.1,166.4,1,-1,-1,-1
75,2,463.7,98.1,63.3,183.8,1,-1,-1,-1
75,5,567.4,86.2,72.6,207.4,1,-1,-1,-1
75,8,177.6,94.2,46.4,157.8,1,-1,-1,-1
75,20,380.7,96.8,54.2,174.9,1,-1,-1,-1
76,2,466.4,98.1,63.4,183.3,1,-1,-1,-1
76,5,567.8,89.1,72.2,205.0,1,-1,-1,-1
76,8,177.8,94.1,47.0,158.1,1,-1,-1,-1
76,20,378.4,98.1,54.6,173.3,1,-1,-1,-1
76,47,564.6,111.5,21.2,130.6,1,-1,-1,-1
77,2,468.6,97.2,63.6,182.8,1,-1,-1,-1
77,5,571.2,88.9,68.8,205.0,1,-1,-1,-1
77,8,178.5,94.1,47.5,157.9,1,-1,-1,-1
77,20,375.0,98.3,54.9,172.5,1,-1,-1,-1
77,47,564.4,110.9,21.9,134.4,1,-1,-1,-1
78,2,472.2,96.5,63.8,182.0,1,-1,-1,-1
78,5,575.6,92.0,64.4,201.9,1,-1,-1,-1
78,8,179.2,94.3,47.8,157.8,1,-1,-1,-1
78,20,370.7,97.8,55.0,172.0,1,-1,-1,-1
78,47,564.3,110.4,23.4,142.2,1,-1,-1,-1
78,32,399.8,108.3,49.3,133.1,1,-1,-1,-1
79,2,475.9,95.6,64.4,182.4,1,-1,-1,-1
79,5,577.2,92.8,62.8,200.8,1,-1,-1,-1
79,8,179.5,94.7,48.2,157.2,1,-1,-1,-1
79,20,368.1,96.6,55.5,173.3,1,-1,-1,-1
79,47,563.2,109.7,26.2,156.1,1,-1,-1,-1
79,32,400.3,106.6,48.2,133.7,1,-1,-1,-1
80,2,480.8,94.6,64.5,182.6,1,-1,-1,-1
80,5,579.4,92.9,60.6,200.3,1,-1,-1,-1
80,8,180.0,94.9,48.8,157.2,1,-1,-1,-1
80,20,366.2,96.1,55.4,173.9,1,-1,-1,-1
80,47,564.2,109.6,27.4,160.4,1,-1,-1,-1
80,32,400.8,105.5,47.2,133.6,1,-1,-1,-1
81,2,483.8,94.4,65.0,183.1,1,-1,-1,-1
81,5,575.2,91.0,64.8,201.9,1,-1,-1,-1
81,8,180.0,94.3,49.4,157.6,1,-1,-1,-1
81,20,364.2,95.6,55.3,174.4,1,-1,-1,-1
81,47,568.8,109.8,28.8,166.8,1,-1,-1,-1
81,32,400.6,105.7,46.2,133.1,1,-1,-1,-1
81,51,393.3,316.9,19.0,32.2,1,-1,-1,-1
82,2,488.0,95.2,65.1,183.0,1,-1,-1,-1
82,5,579.9,89.1,60.1,203.0,1,-1,-1,-1
82,8,180.7,94.4,49.9,157.5,1,-1,-1,-1
82,20,363.0,95.5,54.6,173.4,1,-1,-1,-1
82,47,571.7,112.1,28.9,162.5,1,-1,-1,-1
82,32,399.8,105.4,46.0,133.8,1,-1,-1,-1
82,51,394.0,316.6,19.1,32.3,1,-1,-1,-1
82,52,546.1,109.3,44.0,94.2,1,-1,-1,-1
83,2,492.2,96.2,64.9,182.6,1,-1,-1,-1
83,5,582.9,88.6,57.1,202.9,1,-1,-1,-1
83,8,181.6,94.7,50.2,157.3,1,-1,-1,-1
83,20,361.8,95.1,54.1,172.6,1,-1,-1,-1
83,47,571.9,113.4,30.0,160.5,1,-1,-1,-1
83,32,399.5,105.4,45.7,134.0,1,-1,-1,-1
83,51,394.5,315.6,19.0,32.3,1,-1,-1,-1
83,52,547.3,110.2,40.7,87.6,1,-1,-1,-1
84,2,495.8,97.2,64.7,181.1,1,-1,-1,-1
84,5,585.4,86.1,54.6,205.2,1,-1,-1,-1
84,8,181.9,95.0,50.8,157.4,1,-1,-1,-1
84,20,360.5,94.1,53.9,172.4,1,-1,-1,-1
84,47,570.0,112.7,31.5,160.6,1,-1,-1,-1
84,32,399.1,105.7,45.9,135.4,1,-1,-1,-1
84,51,395.9,314.9,19.3,32.8,1,-1,-1,-1
84,52,547.9,111.2,38.9,84.4,1,-1,-1,-1
85,2,497.4,98.7,64.5,179.2,1,-1,-1,-1
85,8,182.0,95.6,51.1,156.6,1,-1,-1,-1
85,20,358.1,93.3,53.9,172.4,1,-1,-1,-1
85,47,568.7,111.5,33.7,163.9,1,-1,-1,-1
85,32,399.0,106.0,45.8,135.1,1,-1,-1,-1
85,51,397.0,314.8,19.4,33.2,1,-1,-1,-1
85,10,595.1,105.2,44.9,181.0,1,-1,-1,-1
86,2,499.4,100.0,64.7,177.2,1,-1,-1,-1
86,8,182.5,96.0,51.5,156.1,1,-1,-1,-1
86,20,356.1,93.2,53.5,171.1,1,-1,-1,-1
86,47,567.4,111.8,34.9,161.6,1,-1,-1,-1
86,32,398.9,106.1,45.8,134.8,1,-1,-1,-1
86,51,397.4,314.7,19.4,33.2,1,-1,-1,-1
86,10,598.9,104.7,41.1,181.2,1,-1,-1,-1
87,2,500.6,101.4,65.4,175.7,1,-1,-1,-1
87,8,182.7,96.1,51.9,155.8,1,-1,-1,-1
87,20,353.9,92.9,54.1,173.2,1,-1,-1,-1
87,47,563.8,111.8,35.7,160.6,1,-1,-1,-1
87,32,398.9,106.3,45.8,134.4,1,-1,-1,-1
87,51,398.0,314.6,19.1,32.8,1,-1,-1,-1
87,10,603.0,103.8,37.0,181.8,1,-1,-1,-1
88,2,502.1,101.4,66.5,176.0,1,-1,-1,-1
88,8,183.0,96.3,52.5,155.8,1,-1,-1,-1
88,20,351.7,92.7,54.7,174.2,1,-1,-1,-1
88,47,561.6,126.9,33.1,145.1,1,-1,-1,-1
88,32,398.4,106.0,46.0,134.6,1,-1,-1,-1
88,51,397.9,314.4,19.1,32.7,1,-1,-1,-1
88,4,614.4,101.8,25.6,181.4,1,-1,-1,-1
89,2,505.0,101.3,67.0,176.0,1,-1,-1,-1
89,8,183.2,96.4,53.0,155.3,1,-1,-1,-1
89,20,349.7,93.0,54.9,174.0,1,-1,-1,-1
89,47,559.2,116.4,36.3,156.1,1,-1,-1,-1
89,32,397.4,105.4,46.2,135.1,1,-1,-1,-1
89,51,398.0,314.3,19.0,32.5,1,-1,-1,-1
89,4,615.9,104.1,24.1,177.6,1,-1,-1,-1
90,2,510.5,100.3,67.3,176.4,1,-1,-1,-1
90,8,183.0,96.1,53.9,155.8,1,-1,-1,-1
90,20,343.7,93.8,56.1,173.5,1,-1,-1,-1
90,47,558.0,113.1,37.2,158.9,1,-1,-1,-1
90,32,397.0,105.2,46.4,135.2,1,-1,-1,-1
90,51,397.7,314.3,18.9,32.3,1,-1,-1,-1
91,2,516.9,99.4,67.0,176.2,1,-1,-1,-1
91,8,184.2,95.9,54.4,155.9,1,-1,-1,-1
91,20,339.0,94.8,57.5,172.2,1,-1,-1,-1
91,47,558.5,112.7,37.3,159.9,1,-1,-1,-1
91,32,396.2,105.1,46.5,135.6,1,-1,-1,-1
91,51,397.9,313.9,19.1,32.5,1,-1,-1,-1
92,2,522.4,98.8,66.7,175.7,1,-1,-1,-1
92,8,184.1,95.9,55.2,155.8,1,-1,-1,-1
92,20,335.9,95.2,58.6,171.4,1,-1,-1,-1
92,32,395.2,105.2,46.7,135.7,1,-1,-1,-1
92,51,398.0,314.1,18.9,32.2,1,-1,-1,-1
93,2,525.6,98.7,67.5,175.7,1,-1,-1,-1
93,8,185.8,95.8,55.8,156.0,1,-1,-1,-1
93,20,331.7,96.3,59.9,170.2,1,-1,-1,-1
93,32,392.9,105.5,47.1,135.4,1,-1,-1,-1
93,51,398.4,314.0,18.5,31.6,1,-1,-1,-1
94,2,523.0,98.0,68.3,175.6,1,-1,-1,-1
94,8,186.3,95.6,56.2,156.5,1,-1,-1,-1
94,20,329.4,97.4,60.9,169.1,1,-1,-1,-1
94,32,391.6,105.6,47.8,135.6,1,-1,-1,-1
94,51,398.4,313.6,18.8,32.2,1,-1,-1,-1
95,2,523.8,98.0,68.6,175.3,1,-1,-1,-1
95,8,186.8,95.2,56.6,156.8,1,-1,-1,-1
95,20,329.5,97.6,61.3,168.8,1,-1,-1,-1
95,32,388.8,105.6,48.9,135.8,1,-1,-1,-1
95,51,399.0,313.8,18.7,32.0,1,-1,-1,-1
96,2,525.3,100.2,68.2,173.4,1,-1,-1,-1
96,8,186.8,95.4,56.6,156.3,1,-1,-1,-1
96,20,328.7,97.8,61.7,168.8,1,-1,-1,-1
96,32,389.3,105.9,49.4,136.0,1,-1,-1,-1
96,51,399.7,313.2,18.9,32.3,1,-1,-1,-1
97,2,534.8,100.7,69.0,172.4,1,-1,-1,-1
97,8,187.2,95.3,56.7,155.7,1,-1,-1,-1
97,20,326.1,98.0,62.0,167.5,1,-1,-1,-1
97,32,389.9,106.1,49.8,136.2,1,-1,-1,-1
97,51,400.3,312.5,19.2,32.8,1,-1,-1,-1
98,2,543.9,101.0,69.6,172.1,1,-1,-1,-1
98,8,187.0,95.6,56.7,155.2,1,-1,-1,-1
98,20,324.7,97.7,62.4,167.7,1,-1,-1,-1
98,32,389.4,106.6,50.2,136.0,1,-1,-1,-1
98,51,400.6,312.9,18.9,32.1,1,-1,-1,-1
98,58,513.6,109.6,45.0,158.8,1,-1,-1,-1
99,2,547.4,101.1,70.0,171.5,1,-1,-1,-1
99,8,186.9,95.2,57.0,155.2,1,-1,-1,-1
99,20,324.5,97.0,62.5,168.5,1,-1,-1,-1
99,32,388.7,106.7,50.5,136.1,1,-1,-1,-1
99,51,400.5,312.8,18.8,32.0,1,-1,-1,-1
99,58,512.6,110.7,45.0,158.5,1,-1,-1,-1
100,2,548.5,101.7,70.3,171.5,1,-1,-1,-1
100,8,186.5,95.2,57.1,155.1,1,-1,-1,-1
100,20,323.2,96.2,62.6,169.3,1,-1,-1,-1
100,32,387.6,106.5,50.9,136.3,1,-1,-1,-1
100,51,400.0,313.2,18.8,31.7,1,-1,-1,-1
100,58,510.3,111.7,44.5,156.3,1,-1,-1,-1
101,2,550.3,102.2,70.3,171.3,1,-1,-1,-1
101,8,186.2,95.3,57.2,155.0,1,-1,-1,-1
101,20,321.7,95.7,62.4,169.3,1,-1,-1,-1
101,32,387.0,105.9,51.4,136.7,1,-1,-1,-1
101,51,399.5,313.1,19.0,32.0,1,-1,-1,-1
101,58,507.0,111.7,44.1,154.3,1,-1,-1,-1
102,2,551.0,101.5,70.1,172.4,1,-1,-1,-1
102,8,186.3,95.4,57.3,154.8,1,-1,-1,-1
102,20,319.8,95.0,62.0,169.2,1,-1,-1,-1
102,32,387.2,105.5,51.7,137.0,1,-1,-1,-1
102,51,399.0,313.0,19.0,32.2,1,-1,-1,-1
102,58,504.1,111.5,44.3,154.4,1,-1,-1,-1
102,60,538.2,111.5,27.7,138.2,1,-1,-1,-1
103,2,555.0,101.6,68.6,170.1,1,-1,-1,-1
103,8,186.6,95.3,57.6,154.9,1,-1,-1,-1
103,20,316.8,94.2,61.8,168.8,1,-1,-1,-1
103,32,387.2,105.4,51.9,137.0,1,-1,-1,-1
103,51,398.6,312.8,18.8,31.8,1,-1,-1,-1
103,58,501.1,111.7,44.3,154.1,1,-1,-1,-1
103,60,538.3,109.2,29.0,144.1,1,-1,-1,-1
104,2,560.1,101.6,66.9,168.2,1,-1,-1,-1
104,8,186.1,95.0,57.8,155.4,1,-1,-1,-1
104,20,314.3,93.2,61.6,169.3,1,-1,-1,-1
104,32,387.0,105.3,52.1,137.1,1,-1,-1,-1
104,51,398.1,312.9,18.5,31.3,1,-1,-1,-1
104,58,498.0,111.1,44.8,154.9,1,-1,-1,-1
104,60,539.1,109.3,29.1,142.9,1,-1,-1,-1
105,2,565.1,100.2,65.8,168.9,1,-1,-1,-1
105,8,185.6,95.1,57.8,155.4,1,-1,-1,-1
105,20,312.6,93.7,61.1,168.6,1,-1,-1,-1
105,32,386.9,105.2,52.3,137.1,1,-1,-1,-1
105,51,397.3,312.8,18.7,31.1,1,-1,-1,-1
105,58,492.4,111.0,45.6,155.6,1,-1,-1,-1
105,60,539.4,109.4,29.3,140.7,1,-1,-1,-1
106,2,571.2,99.0,65.1,170.1,1,-1,-1,-1
106,8,185.4,95.2,57.7,154.9,1,-1,-1,-1
106,20,311.7,94.0,60.3,167.5,1,-1,-1,-1
106,32,386.4,105.1,52.4,137.2,1,-1,-1,-1
106,51,396.7,312.8,18.7,30.6,1,-1,-1,-1
106,58,486.2,111.0,46.7,154.9,1,-1,-1,-1
106,60,538.5,108.6,30.0,140.0,1,-1,-1,-1
107,2,575.4,98.7,64.6,170.1,1,-1,-1,-1
107,8,185.1,95.2,57.8,155.1,1,-1,-1,-1
107,20,310.8,94.2,59.7,166.8,1,-1,-1,-1
107,32,386.2,105.1,52.5,137.4,1,-1,-1,-1
107,51,396.5,312.9,18.9,29.9,1,-1,-1,-1
107,58,480.3,111.9,48.1,153.6,1,-1,-1,-1
107,60,536.4,108.5,30.9,139.5,1,-1,-1,-1
108,2,578.9,97.9,61.1,171.0,1,-1,-1,-1
108,8,185.2,95.2,57.9,154.9,1,-1,-1,-1
108,20,309.9,94.0,59.4,166.9,1,-1,-1,-1
108,32,386.3,105.1,52.5,137.7,1,-1,-1,-1
108,58,474.7,112.9,50.0,152.9,1,-1,-1,-1
108,60,533.4,107.6,32.2,141.2,1,-1,-1,-1
109,2,581.4,100.2,58.6,168.5,1,-1,-1,-1
109,8,186.4,95.3,58.4,154.7,1,-1,-1,-1
109,20,308.8,94.0,58.9,166.6,1,-1,-1,-1
109,32,386.1,105.4,52.6,138.2,1,-1,-1,-1
109,58,470.8,113.7,52.1,151.9,1,-1,-1,-1
109,60,531.9,106.5,33.6,142.3,1,-1,-1,-1
110,2,582.9,99.2,57.1,169.3,1,-1,-1,-1
110,8,185.3,95.1,58.6,155.1,1,-1,-1,-1
110,20,307.8,94.7,58.6,166.3,1,-1,-1,-1
110,32,386.2,105.8,52.5,138.2,1,-1,-1,-1
110,58,468.1,114.7,54.1,150.7,1,-1,-1,-1
110,60,530.3,106.2,34.9,142.6,1,-1,-1,-1
111,2,584.5,98.9,55.5,169.3,1,-1,-1,-1
111,8,184.8,94.9,58.6,155.2,1,-1,-1,-1
111,20,306.7,95.3,58.3,166.0,1,-1,-1,-1
111,32,386.1,105.8,52.5,138.3,1,-1,-1,-1
111,58,466.6,114.9,56.3,150.1,1,-1,-1,-1
111,60,528.2,106.7,35.8,141.7,1,-1,-1,-1
112,2,586.8,99.0,53.2,169.0,1,-1,-1,-1
112,8,185.2,94.9,58.8,155.1,1,-1,-1,-1
112,20,305.8,95.9,57.8,165.6,1,-1,-1,-1
112,32,386.9,105.7,52.8,139.2,1,-1,-1,-1
112,58,465.1,115.3,58.5,150.3,1,-1,-1,-1
112,60,524.6,106.8,37.1,141.6,1,-1,-1,-1
113,2,589.2,99.5,50.8,168.4,1,-1,-1,-1
113,8,185.2,94.8,58.9,155.3,1,-1,-1,-1
113,20,304.5,96.2,57.8,165.8,1,-1,-1,-1
113,32,387.8,105.9,52.8,139.5,1,-1,-1,-1
113,58,463.0,115.3,60.9,151.0,1,-1,-1,-1
113,60,522.4,107.5,38.1,140.8,1,-1,-1,-1
114,2,591.3,99.7,48.7,167.8,1,-1,-1,-1
114,8,185.2,94.8,58.9,155.5,1,-1,-1,-1
114,20,303.6,96.7,57.5,165.2,1,-1,-1,-1
114,32,388.6,106.6,52.6,138.9,1,-1,-1,-1
114,58,461.1,115.2,62.5,150.8,1,-1,-1,-1
114,60,519.7,108.6,39.1,139.7,1,-1,-1,-1
115,2,593.6,99.9,46.4,167.1,1,-1,-1,-1
115,8,186.2,94.8,59.0,155.4,1,-1,-1,-1
115,20,303.0,97.0,57.0,164.5,1,-1,-1,-1
115,32,388.9,107.1,52.6,139.0,1,-1,-1,-1
115,58,458.1,114.5,63.9,151.5,1,-1,-1,-1
115,60,516.8,109.7,40.5,139.4,1,-1,-1,-1
116,2,595.5,98.9,44.5,167.4,1,-1,-1,-1
116,8,187.6,94.5,59.3,155.0,1,-1,-1,-1
116,20,302.5,97.3,56.4,163.3,1,-1,-1,-1
116,32,389.3,107.3,52.9,139.3,1,-1,-1,-1
116,58,454.3,114.0,64.2,151.3,1,-1,-1,-1
116,60,515.5,110.5,41.8,138.9,1,-1,-1,-1
117,2,597.7,97.7,42.3,168.6,1,-1,-1,-1
117,8,187.7,94.1,59.5,155.2,1,-1,-1,-1
117,20,302.2,97.2,55.9,163.0,1,-1,-1,-1
117,32,390.1,107.6,52.8,138.8,1,-1,-1,-1
117,58,450.8,114.0,64.1,151.1,1,-1,-1,-1
117,60,513.8,111.1,42.9,139.2,1,-1,-1,-1
118,2,599.9,96.5,40.1,168.8,1,-1,-1,-1
118,8,188.3,93.7,60.2,155.9,1,-1,-1,-1
118,20,301.8,96.9,55.6,163.5,1,-1,-1,-1
118,32,391.9,107.4,53.1,139.2,1,-1,-1,-1
118,58,444.9,113.0,63.7,151.5,1,-1,-1,-1
118,60,511.8,110.7,43.9,140.0,1,-1,-1,-1
119,2,601.4,95.3,38.6,169.8,1,-1,-1,-1
119,8,188.8,93.2,60.5,156.2,1,-1,-1,-1
119,20,301.3,95.9,55.7,165.0,1,-1,-1,-1
119,32,392.8,107.3,53.5,139.3,1,-1,-1,-1
119,58,440.7,112.2,62.8,152.1,1,-1,-1,-1
119,60,509.9,110.4,44.5,140.3,1,-1,-1,-1
120,2,603.1,95.4,36.9,169.6,1,-1,-1,-1
120,8,188.9,92.8,60.6,156.5,1,-1,-1,-1
120,20,300.5,95.2,55.4,165.8,1,-1,-1,-1
120,32,393.0,107.3,53.2,139.1,1,-1,-1,-1
120,58,435.4,112.3,61.1,151.8,1,-1,-1,-1
120,60,507.4,109.1,45.3,141.4,1,-1,-1,-1
121,8,189.6,92.6,60.7,156.8,1,-1,-1,-1
121,20,300.5,94.7,54.4,163.8,1,-1,-1,-1
121,32,393.3,107.4,52.9,139.4,1,-1,-1,-1
121,58,432.1,112.3,59.7,152.1,1,-1,-1,-1
121,60,505.3,108.5,45.8,141.9,1,-1,-1,-1
121,4,613.5,96.8,25.7,168.2,1,-1,-1,-1
122,8,189.9,92.4,60.8,157.2,1,-1,-1,-1
122,20,300.3,94.0,53.6,162.4,1,-1,-1,-1
122,32,393.7,107.3,52.4,139.7,1,-1,-1,-1
122,58,430.6,112.1,58.1,151.9,1,-1,-1,-1
122,60,503.3,108.0,46.4,142.8,1,-1,-1,-1
122,4,614.7,97.6,25.3,167.4,1,-1,-1,-1
123,8,190.4,92.3,60.6,157.4,1,-1,-1,-1
123,20,299.5,93.7,53.1,161.8,1,-1,-1,-1
123,32,393.7,107.2,52.1,140.7,1,-1,-1,-1
123,58,427.3,112.5,56.9,151.3,1,-1,-1,-1
123,60,501.5,107.7,46.8,143.1,1,-1,-1,-1
123,4,615.9,98.8,24.1,165.9,1,-1,-1,-1
124,8,190.9,92.4,60.4,157.2,1,-1,-1,-1
124,20,298.7,93.2,53.0,162.4,1,-1,-1,-1
124,32,393.9,107.2,51.6,141.6,1,-1,-1,-1
124,58,423.4,113.1,56.3,150.1,1,-1,-1,-1
124,60,500.8,107.7,47.1,142.8,1,-1,-1,-1
124,4,617.8,111.0,22.2,153.5,1,-1,-1,-1
125,8,191.2,92.4,60.2,157.3,1,-1,-1,-1
125,20,297.6,93.1,52.8,163.0,1,-1,-1,-1
125,32,394.1,107.2,51.3,143.8,1,-1,-1,-1
125,58,420.5,114.1,56.2,149.2,1,-1,-1,-1
125,60,500.0,107.6,47.6,142.7,1,-1,-1,-1
125,4,620.9,120.6,19.1,143.4,1,-1,-1,-1
126,8,191.7,92.2,60.0,157.2,1,-1,-1,-1
126,20,296.4,92.6,52.7,164.1,1,-1,-1,-1
126,32,394.5,107.6,50.9,145.0,1,-1,-1,-1
126,58,417.6,114.4,56.9,149.4,1,-1,-1,-1
126,60,497.7,107.7,48.2,143.2,1,-1,-1,-1
126,4,623.2,128.5,16.8,134.8,1,-1,-1,-1
126,61,375.2,308.3,21.4,31.1,1,-1,-1,-1
127,8,192.1,92.1,59.7,157.1,1,-1,-1,-1
127,20,296.1,92.2,52.9,165.0,1,-1,-1,-1
127,32,394.8,108.3,48.3,139.9,1,-1,-1,-1
127,58,415.0,116.0,57.0,147.5,1,-1,-1,-1
127,60,493.7,108.2,49.0,142.9,1,-1,-1,-1
127,4,624.5,125.1,15.5,138.6,1,-1,-1,-1
127,61,373.7,307.9,21.8,31.7,1,-1,-1,-1
128,8,192.3,91.9,59.6,157.1,1,-1,-1,-1
128,20,294.0,92.6,53.0,164.7,1,-1,-1,-1
128,32,394.2,108.7,47.9,141.2,1,-1,-1,-1
128,58,413.2,116.6,57.4,146.7,1,-1,-1,-1
128,60,490.1,109.2,49.9,142.4,1,-1,-1,-1
128,61,372.4,307.2,22.1,32.2,1,-1,-1,-1
129,8,192.2,91.9,59.2,156.8,1,-1,-1,-1
129,20,290.3,92.7,53.8,164.3,1,-1,-1,-1
129,32,393.8,109.3,47.3,142.0,1,-1,-1,-1
129,58,411.9,115.8,58.2,147.7,1,-1,-1,-1
129,60,488.1,109.8,50.9,142.5,1,-1,-1,-1
129,61,371.8,306.7,22.0,32.2,1,-1,-1,-1
130,8,192.7,91.9,58.8,156.4,1,-1,-1,-1
130,20,287.0,93.1,54.9,163.8,1,-1,-1,-1
130,32,395.0,110.2,43.8,132.0,1,-1,-1,-1
130,58,409.4,116.7,58.6,146.8,1,-1,-1,-1
130,60,486.1,110.2,51.8,142.7,1,-1,-1,-1
131,8,192.7,91.7,58.4,156.0,1,-1,-1,-1
131,20,283.7,93.1,56.3,163.3,1,-1,-1,-1
131,58,404.8,113.8,59.9,149.2,1,-1,-1,-1
131,60,483.4,110.6,52.7,143.0,1,-1,-1,-1
131,61,371.8,306.7,20.7,30.4,1,-1,-1,-1
132,8,192.8,91.9,57.9,155.4,1,-1,-1,-1
132,20,281.9,93.2,57.5,163.4,1,-1,-1,-1
132,58,402.2,112.3,59.7,149.5,1,-1,-1,-1
132,60,480.8,111.4,53.1,142.7,1,-1,-1,-1
133,8,192.8,91.9,57.6,155.0,1,-1,-1,-1
133,20,280.3,93.4,58.5,163.1,1,-1,-1,-1
133,58,399.0,110.5,59.1,150.2,1,-1,-1,-1
133,60,478.3,111.7,53.3,142.2,1,-1,-1,-1
134,8,192.8,92.1,57.5,154.9,1,-1,-1,-1
134,20,278.4,93.4,59.4,163.0,1,-1,-1,-1
134,58,396.1,109.9,58.2,150.9,1,-1,-1,-1
134,60,475.4,111.5,53.6,142.5,1,-1,-1,-1
135,8,192.7,91.7,57.4,155.3,1,-1,-1,-1
135,20,276.4,94.2,60.0,162.0,1,-1,-1,-1
135,58,395.5,109.0,57.7,151.7,1,-1,-1,-1
135,60,473.2,111.0,53.9,142.5,1,-1,-1,-1
135,64,8.9,110.9,33.0,94.9,1,-1,-1,-1
136,8,192.2,92.1,57.0,155.0,1,-1,-1,-1
136,20,274.5,94.4,60.6,161.7,1,-1,-1,-1
136,58,394.2,108.1,57.7,152.4,1,-1,-1,-1
136,60,470.8,110.8,54.4,142.8,1,-1,-1,-1
136,64,10.8,117.2,31.3,88.7,1,-1,-1,-1
137,8,191.6,92.4,57.0,155.5,1,-1,-1,-1
137,20,273.1,95.0,60.8,161.1,1,-1,-1,-1
137,58,394.8,107.7,57.8,152.7,1,-1,-1,-1
137,60,467.7,110.5,54.5,142.6,1,-1,-1,-1
137,64,10.6,117.6,32.9,91.6,1,-1,-1,-1
137,66,0.1,116.8,54.1,172.5,1,-1,-1,-1
138,8,191.3,92.7,56.7,155.3,1,-1,-1,-1
138,20,271.6,95.0,61.1,161.0,1,-1,-1,-1
138,58,394.6,107.5,58.1,152.6,1,-1,-1,-1
138,60,463.9,110.5,54.2,142.5,1,-1,-1,-1
138,66,0.0,116.0,54.4,173.9,1,-1,-1,-1
139,8,190.8,92.8,56.4,155.1,1,-1,-1,-1
139,20,270.9,95.4,61.1,160.4,1,-1,-1,-1
139,58,391.5,107.5,58.9,151.9,1,-1,-1,-1
139,60,462.2,110.5,53.6,142.2,1,-1,-1,-1
139,66,0.0,113.9,54.7,175.8,1,-1,-1,-1
140,8,190.2,93.0,56.1,154.9,1,-1,-1,-1
140,20,270.5,94.8,61.4,160.8,1,-1,-1,-1
140,58,385.7,107.6,60.5,151.5,1,-1,-1,-1
140,60,462.0,111.1,52.7,142.5,1,-1,-1,-1
140,66,2.7,109.1,55.9,179.8,1,-1,-1,-1
141,8,189.4,93.0,55.8,154.8,1,-1,-1,-1
141,20,270.4,94.6,61.4,160.9,1,-1,-1,-1
141,58,381.7,108.3,62.6,150.5,1,-1,-1,-1
141,60,461.5,111.5,51.9,142.7,1,-1,-1,-1
141,66,5.0,110.6,53.8,175.0,1,-1,-1,-1
142,8,188.6,92.6,55.8,155.6,1,-1,-1,-1
142,20,269.6,93.6,61.7,161.9,1,-1,-1,-1
142,58,371.9,112.5,61.4,146.4,1,-1,-1,-1
142,60,461.1,111.8,50.8,141.8,1,-1,-1,-1
142,66,8.1,111.4,53.4,175.6,1,-1,-1,-1
142,32,412.4,109.0,46.8,146.2,1,-1,-1,-1
143,8,187.6,92.4,55.5,155.5,1,-1,-1,-1
143,20,268.7,93.1,61.6,162.4,1,-1,-1,-1
143,58,367.7,114.7,61.2,144.6,1,-1,-1,-1
143,60,463.1,112.6,50.4,140.8,1,-1,-1,-1
143,66,11.6,111.4,52.8,174.8,1,-1,-1,-1
143,32,412.9,109.3,45.7,145.7,1,-1,-1,-1
144,8,186.9,92.3,55.2,155.1,1,-1,-1,-1
144,20,267.3,92.6,61.6,162.8,1,-1,-1,-1
144,58,365.8,115.5,60.8,143.1,1,-1,-1,-1
144,60,462.3,113.3,50.3,140.5,1,-1,-1,-1
144,66,16.4,112.2,52.5,174.2,1,-1,-1,-1
144,32,413.0,109.6,45.3,146.1,1,-1,-1,-1
145,8,186.5,92.3,55.1,155.5,1,-1,-1,-1
145,20,266.0,92.9,61.1,162.2,1,-1,-1,-1
145,58,364.8,116.3,60.9,142.4,1,-1,-1,-1
145,60,461.8,113.4,51.1,142.2,1,-1,-1,-1
145,66,24.9,113.3,53.3,172.9,1,-1,-1,-1
145,32,413.0,110.7,44.7,144.5,1,-1,-1,-1
146,8,186.0,92.4,55.0,155.5,1,-1,-1,-1
146,20,264.8,92.7,60.7,162.1,1,-1,-1,-1
146,58,364.5,116.2,61.2,142.3,1,-1,-1,-1
146,60,461.2,113.6,51.3,142.5,1,-1,-1,-1
146,66,31.1,114.1,54.9,173.0,1,-1,-1,-1
146,32,411.8,111.3,44.7,144.1,1,-1,-1,-1
147,8,185.7,93.2,54.6,155.0,1,-1,-1,-1
147,20,263.4,92.4,60.0,161.7,1,-1,-1,-1
147,58,363.6,115.9,61.6,142.8,1,-1,-1,-1
147,60,460.2,113.4,51.5,142.5,1,-1,-1,-1
147,66,35.5,114.2,56.6,172.7,1,-1,-1,-1
147,32,410.4,111.0,44.8,144.6,1,-1,-1,-1
147,74,0.0,69.1,37.1,220.9,1,-1,-1,-1
148,8,185.4,93.6,54.3,154.5,1,-1,-1,-1
148,20,262.0,92.2,59.4,161.9,1,-1,-1,-1
148,58,361.6,115.0,61.7,143.6,1,-1,-1,-1
148,60,456.9,113.2,52.1,143.4,1,-1,-1,-1
148,66,38.2,114.8,58.5,172.6,1,-1,-1,-1
148,32,410.8,111.6,45.3,145.2,1,-1,-1,-1
149,8,185.2,93.5,54.3,154.6,1,-1,-1,-1
149,20,261.0,92.3,58.7,162.1,1,-1,-1,-1
149,58,359.9,114.1,61.5,144.3,1,-1,-1,-1
149,60,453.9,112.8,51.7,143.9,1,-1,-1,-1
149,66,39.1,116.3,60.0,171.7,1,-1,-1,-1
149,32,410.7,112.0,45.6,145.1,1,-1,-1,-1
150,8,184.8,92.2,54.6,155.9,1,-1,-1,-1
150,20,260.1,92.3,58.1,162.2,1,-1,-1,-1
150,58,358.8,113.4,60.9,143.7,1,-1,-1,-1
150,60,454.4,112.3,52.0,145.4,1,-1,-1,-1
150,66,39.8,115.8,62.1,172.2,1,-1,-1,-1
150,32,410.5,112.1,45.2,143.8,1,-1,-1,-1
151,8,184.8,92.8,54.3,155.3,1,-1,-1,-1
151,20,259.7,92.4,57.4,162.3,1,-1,-1,-1
151,58,355.4,112.5,59.5,143.2,1,-1,-1,-1
151,60,453.6,111.6,51.8,145.9,1,-1,-1,-1
151,66,40.8,116.1,63.5,171.9,1,-1,-1,-1
151,32,410.7,112.3,45.5,144.0,1,-1,-1,-1
152,8,184.5,92.5,54.4,155.7,1,-1,-1,-1
152,20,259.2,92.4,56.6,161.7,1,-1,-1,-1
152,58,353.1,111.8,58.4,143.1,1,-1,-1,-1
152,60,453.4,110.9,51.9,146.6,1,-1,-1,-1
152,66,39.6,115.5,65.2,172.3,1,-1,-1,-1
152,32,411.3,112.4,45.5,144.1,1,-1,-1,-1
153,8,184.7,92.9,54.1,155.1,1,-1,-1,-1
153,20,258.7,92.3,56.0,161.7,1,-1,-1,-1
153,58,350.8,111.5,57.3,143.2,1,-1,-1,-1
153,60,452.9,110.4,51.9,146.9,1,-1,-1,-1
153,66,42.9,114.2,65.7,172.3,1,-1,-1,-1
153,32,411.5,112.3,45.5,144.4,1,-1,-1,-1
154,8,184.8,93.3,53.9,154.6,1,-1,-1,-1
154,20,258.5,92.5,55.3,161.4,1,-1,-1,-1
154,58,348.9,111.7,56.0,143.0,1,-1,-1,-1
154,60,452.1,109.9,51.6,146.8,1,-1,-1,-1
154,66,47.0,113.2,65.4,172.1,1,-1,-1,-1
154,32,411.3,112.4,45.1,143.9,1,-1,-1,-1
155,8,184.6,93.2,54.0,154.7,1,-1,-1,-1
155,20,258.6,93.1,54.6,161.0,1,-1,-1,-1
155,58,347.8,111.6,54.8,143.3,1,-1,-1,-1
155,60,451.3,109.6,51.5,147.9,1,-1,-1,-1
155,66,53.9,112.8,64.5,172.2,1,-1,-1,-1
155,32,411.0,111.9,45.2,144.5,1,-1,-1,-1
156,8,184.9,93.1,53.9,154.7,1,-1,-1,-1
156,20,258.9,93.1,54.1,161.1,1,-1,-1,-1
156,58,346.8,111.8,54.0,143.5,1,-1,-1,-1
156,60,449.1,109.6,51.7,148.8,1,-1,-1,-1
156,66,62.8,112.4,63.3,172.2,1,-1,-1,-1
156,32,410.4,112.0,45.0,144.3,1,-1,-1,-1
157,8,185.0,92.6,54.0,155.0,1,-1,-1,-1
157,20,258.8,93.5,53.5,161.1,1,-1,-1,-1
157,58,345.3,111.8,53.2,143.8,1,-1,-1,-1
157,60,448.8,109.9,51.7,149.4,1,-1,-1,-1
157,66,69.3,111.8,62.2,172.5,1,-1,-1,-1
157,32,409.7,111.9,44.9,144.5,1,-1,-1,-1
158,8,185.2,93.0,53.9,154.7,1,-1,-1,-1
158,20,258.8,93.4,52.9,161.4,1,-1,-1,-1
158,58,343.5,111.9,52.5,144.3,1,-1,-1,-1
158,60,448.0,109.9,51.4,149.8,1,-1,-1,-1
158,66,74.5,111.1,61.3,173.0,1,-1,-1,-1
158,32,409.1,112.3,44.7,144.0,1,-1,-1,-1
159,8,185.2,92.8,53.9,154.9,1,-1,-1,-1
159,20,259.0,93.7,52.2,161.0,1,-1,-1,-1
159,58,341.8,112.2,51.6,143.8,1,-1,-1,-1
159,60,447.9,110.1,51.5,150.1,1,-1,-1,-1
159,66,80.8,111.3,60.4,172.4,1,-1,-1,-1
159,32,407.7,112.4,44.6,143.8,1,-1,-1,-1
160,8,185.2,92.6,53.9,155.2,1,-1,-1,-1
160,20,259.3,93.7,51.6,160.9,1,-1,-1,-1
160,58,340.9,113.6,50.5,142.2,1,-1,-1,-1
160,60,448.6,111.0,51.5,149.4,1,-1,-1,-1
160,66,88.4,112.2,60.6,171.3,1,-1,-1,-1
160,32,405.7,113.4,44.5,142.8,1,-1,-1,-1
160,77,371.1,300.1,18.1,31.2,1,-1,-1,-1
161,8,185.5,92.6,53.8,155.1,1,-1,-1,-1
161,20,259.6,93.4,51.0,161.1,1,-1,-1,-1
161,58,339.4,114.6,49.6,140.9,1,-1,-1,-1
161,60,447.6,111.7,51.6,149.0,1,-1,-1,-1
161,66,94.6,112.8,61.7,170.4,1,-1,-1,-1
161,32,404.1,114.3,44.9,142.7,1,-1,-1,-1
161,77,370.7,299.8,18.0,31.0,1,-1,-1,-1
161,74,0.0,63.9,38.8,241.3,1,-1,-1,-1
162,8,185.7,93.3,53.6,154.5,1,-1,-1,-1
162,20,259.7,92.8,50.5,161.1,1,-1,-1,-1
162,58,338.0,115.0,48.9,140.1,1,-1,-1,-1
162,60,445.5,111.6,51.8,149.3,1,-1,-1,-1
162,66,98.0,113.7,63.2,169.2,1,-1,-1,-1
162,32,402.8,114.8,45.5,142.8,1,-1,-1,-1
162,77,370.7,299.6,17.5,30.1,1,-1,-1,-1
162,74,0.0,60.7,38.9,245.2,1,-1,-1,-1
163,8,185.8,93.5,53.4,154.2,1,-1,-1,-1
163,20,260.1,92.2,50.0,160.9,1,-1,-1,-1
163,58,336.9,115.3,48.5,139.6,1,-1,-1,-1
163,60,443.4,111.4,52.0,149.0,1,-1,-1,-1
163,66,100.9,114.3,65.3,168.4,1,-1,-1,-1
163,32,401.7,114.9,46.2,143.5,1,-1,-1,-1
163,77,368.9,299.2,18.3,31.5,1,-1,-1,-1
163,74,0.0,60.5,38.9,244.3,1,-1,-1,-1
164,8,185.9,93.4,53.4,154.4,1,-1,-1,-1
164,20,260.5,91.5,49.6,161.4,1,-1,-1,-1
164,58,336.0,115.4,48.3,139.5,1,-1,-1,-1
164,60,440.4,110.0,52.8,149.4,1,-1,-1,-1
164,66,101.1,114.7,67.4,167.9,1,-1,-1,-1
164,32,400.7,114.4,47.0,144.9,1,-1,-1,-1
164,74,0.0,62.8,38.6,243.9,1,-1,-1,-1
165,8,186.0,93.3,53.4,154.5,1,-1,-1,-1
165,20,260.7,90.2,49.5,162.4,1,-1,-1,-1
165,58,334.7,115.0,48.3,139.9,1,-1,-1,-1
165,60,438.9,108.9,54.4,150.4,1,-1,-1,-1
165,66,100.6,114.8,69.4,167.8,1,-1,-1,-1
165,32,399.3,114.2,47.7,145.5,1,-1,-1,-1
165,74,0.0,63.6,38.2,244.5,1,-1,-1,-1
166,8,186.2,93.5,53.2,154.1,1,-1,-1,-1
166,20,260.8,88.8,49.3,163.1,1,-1,-1,-1
166,58,333.2,114.3,48.4,140.0,1,-1,-1,-1
166,60,435.0,107.7,55.4,152.1,1,-1,-1,-1
166,66,99.9,114.8,71.3,167.8,1,-1,-1,-1
166,32,397.7,113.5,48.4,146.2,1,-1,-1,-1
166,74,0.0,61.8,38.4,246.4,1,-1,-1,-1
167,8,186.1,92.8,53.4,154.9,1,-1,-1,-1
167,20,261.0,88.5,48.6,161.9,1,-1,-1,-1
167,58,332.1,113.5,48.3,140.3,1,-1,-1,-1
167,60,432.3,107.6,55.8,153.2,1,-1,-1,-1
167,66,101.3,113.4,72.9,168.8,1,-1,-1,-1
167,32,395.8,112.7,49.0,146.9,1,-1,-1,-1
167,74,0.0,59.8,38.6,246.3,1,-1,-1,-1
168,8,186.3,92.8,53.3,154.8,1,-1,-1,-1
168,20,261.0,87.8,48.3,161.6,1,-1,-1,-1
168,58,330.8,112.2,48.2,140.1,1,-1,-1,-1
168,60,430.7,107.2,56.2,154.2,1,-1,-1,-1
168,66,103.6,112.4,73.6,169.4,1,-1,-1,-1
168,32,393.1,111.2,49.3,148.0,1,-1,-1,-1
168,74,0.0,60.2,38.4,245.2,1,-1,-1,-1
169,8,186.4,92.9,53.2,154.5,1,-1,-1,-1
169,20,260.9,87.3,47.9,161.1,1,-1,-1,-1
169,58,329.8,111.3,47.8,139.5,1,-1,-1,-1
169,60,429.9,107.3,56.6,154.6,1,-1,-1,-1
169,66,107.3,111.0,73.7,169.0,1,-1,-1,-1
169,32,390.4,110.0,49.3,149.2,1,-1,-1,-1
169,74,0.0,58.4,37.9,243.5,1,-1,-1,-1
170,8,186.5,93.3,53.1,154.1,1,-1,-1,-1
170,20,260.7,86.9,47.8,161.4,1,-1,-1,-1
170,58,328.6,110.5,47.9,139.8,1,-1,-1,-1
170,60,429.4,107.2,56.9,155.2,1,-1,-1,-1
170,66,111.3,109.3,73.0,169.3,1,-1,-1,-1
170,32,386.4,109.1,49.3,150.4,1,-1,-1,-1
170,74,0.0,59.7,38.1,245.5,1,-1,-1,-1
171,8,186.4,93.0,53.2,154.5,1,-1,-1,-1
171,20,260.2,86.6,47.9,162.4,1,-1,-1,-1
171,58,327.6,109.7,48.2,140.5,1,-1,-1,-1
171,60,427.8,108.1,57.0,154.8,1,-1,-1,-1
171,66,116.5,108.5,71.5,168.6,1,-1,-1,-1
171,32,384.4,109.1,49.1,151.1,1,-1,-1,-1
171,74,0.0,61.7,38.1,245.3,1,-1,-1,-1
172,8,186.5,92.5,53.3,155.2,1,-1,-1,-1
172,20,259.4,86.7,47.8,162.5,1,-1,-1,-1
172,58,326.9,109.4,48.1,140.7,1,-1,-1,-1
172,60,426.0,108.7,56.8,153.7,1,-1,-1,-1
172,66,122.8,107.5,69.9,169.3,1,-1,-1,-1
172,32,383.6,109.4,48.6,150.8,1,-1,-1,-1
172,74,0.0,62.0,37.1,238.0,1,-1,-1,-1
173,8,186.6,92.8,53.3,155.1,1,-1,-1,-1
173,20,258.4,86.7,47.8,162.5,1,-1,-1,-1
173,58,325.7,108.9,48.3,141.2,1,-1,-1,-1
173,60,424.4,109.6,56.6,153.1,1,-1,-1,-1
173,66,127.9,102.9,69.2,173.2,1,-1,-1,-1
173,32,383.8,110.2,48.0,150.2,1,-1,-1,-1
173,74,0.0,62.0,37.7,244.7,1,-1,-1,-1
174,8,186.5,93.1,53.1,154.7,1,-1,-1,-1
174,20,257.1,86.6,47.9,162.9,1,-1,-1,-1
174,58,325.4,108.5,48.4,141.6,1,-1,-1,-1
174,60,424.7,110.2,56.9,153.7,1,-1,-1,-1
174,66,133.5,101.6,67.3,174.1,1,-1,-1,-1
174,32,383.3,111.5,47.1,148.5,1,-1,-1,-1
174,74,0.0,61.1,38.0,257.3,1,-1,-1,-1
175,8,187.3,93.2,52.9,154.7,1,-1,-1,-1
175,20,255.8,87.3,47.8,161.8,1,-1,-1,-1
175,58,324.4,108.1,48.5,141.9,1,-1,-1,-1
175,60,423.8,110.7,56.9,154.2,1,-1,-1,-1
175,66,138.8,106.2,64.2,170.0,1,-1,-1,-1
175,32,383.4,112.5,46.6,148.5,1,-1,-1,-1
175,74,0.0,59.3,37.6,251.6,1,-1,-1,-1
176,8,187.6,92.5,53.0,155.7,1,-1,-1,-1
176,20,255.6,87.0,48.0,162.4,1,-1,-1,-1
176,58,322.7,107.9,48.7,141.8,1,-1,-1,-1
176,60,422.1,110.6,57.1,155.4,1,-1,-1,-1
176,66,143.4,108.3,62.2,168.0,1,-1,-1,-1
176,32,380.9,113.3,46.2,147.5,1,-1,-1,-1
176,74,0.0,59.2,38.2,252.8,1,-1,-1,-1
177,8,189.0,92.7,52.4,155.3,1,-1,-1,-1
177,20,255.6,87.0,47.9,162.7,1,-1,-1,-1
177,58,320.8,108.5,49.0,141.2,1,-1,-1,-1
177,60,421.6,109.8,57.3,156.1,1,-1,-1,-1
177,66,147.7,110.0,61.3,166.3,1,-1,-1,-1
177,32,379.0,113.7,46.5,148.1,1,-1,-1,-1
177,74,0.0,59.5,38.4,259.6,1,-1,-1,-1
178,8,191.2,92.8,51.6,155.3,1,-1,-1,-1
178,20,255.7,87.0,47.7,162.7,1,-1,-1,-1
178,58,318.8,109.7,49.2,139.9,1,-1,-1,-1
178,60,420.5,108.7,57.4,157.2,1,-1,-1,-1
178,66,151.2,111.9,61.1,164.1,1,-1,-1,-1
178,32,378.1,113.8,46.6,148.5,1,-1,-1,-1
178,74,0.0,61.3,37.7,250.8,1,-1,-1,-1
179,8,193.2,92.5,50.7,155.6,1,-1,-1,-1
179,20,255.8,87.5,47.4,162.3,1,-1,-1,-1
179,58,317.7,109.9,49.3,139.3,1,-1,-1,-1
179,60,419.1,107.9,57.6,158.7,1,-1,-1,-1
179,66,154.1,113.0,61.5,162.5,1,-1,-1,-1
179,32,376.7,113.5,46.8,148.9,1,-1,-1,-1
179,74,0.0,61.7,37.9,254.8,1,-1,-1,-1
